models/CeLL/data/gis/temperature_zone_crop.asc
ncols        63
nrows        40
xllcorner    3.058669000000
yllcorner    42.526963555556
cellsize     0.000107111111
[rows 18 to 35 of 40, columns 0 to 39 of 63]
13.480622291564941406 13.480622291564941406 13.429379463195800781 13.383101463317871094 13.344570159912109375 13.324112892150878906 13.307826042175292969 13.298093795776367188 13.290745735168457031 13.290745735168457031 13.284191131591796875 13.278828620910644531 13.278430938720703125 13.28101348876953125 13.284389495849609375 13.286177635192871094 13.291340827941894531 13.291340827941894531 13.2990875244140625 13.309216499328613281 13.324112892150878906 13.336426734924316406 13.353110313415527344 13.372178077697753906 13.388861656188964844 13.388861656188964844 13.4081268310546875 13.428385734558105469 13.448843955993652344 13.464137077331542969 13.482211112976074219 13.500681877136230469 13.514982223510742188 13.514982223510742188 13.526899337768554688 13.528289794921875 13.519749641418457031 13.5042572021484375 13.479628562927246094 13.454007148742675781
13.466321945190429688 13.466321945190429688 13.413092613220214844 13.361253738403320312 13.3112030029296875 13.282403945922851562 13.257973670959472656 13.247645378112792969 13.247050285339355469 13.247050285339355469 13.24486541748046875 13.239502906799316406 13.237118721008300781 13.241290092468261719 13.24526214599609375 13.249035835266113281 13.254199981689453125 13.254199981689453125 13.25737762451171875 13.259760856628417969 13.268102645874023438 13.284587860107421875 13.296504974365234375 13.308223724365234375 13.335235595703125 13.335235595703125 13.366021156311035156 13.384889602661132812 13.404949188232421875 13.415674209594726562 13.430173873901367188 13.444275856018066406 13.460363388061523438 13.460363388061523438 13.487175941467285156 13.491943359375 13.491545677185058594 13.48578643798828125 13.476450920104980469 13.460363388061523438
13.464931488037109375 13.464931488037109375 13.413290977478027344 13.362842559814453125 13.314777374267578125 13.271677970886230469 13.236721992492675781 13.231557846069335938 13.231557846069335938 13.231557846069335938 13.228976249694824219 13.223017692565917969 13.220236778259277344 13.223216056823730469 13.22698974609375 13.231557846069335938 13.236920356750488281 13.236920356750488281 13.239701271057128906 13.241686820983886719 13.247645378112792969 13.261350631713867188 13.275054931640625 13.290348052978515625 13.313982963562011719 13.313982963562011719 13.346357345581054688 13.363636970520019531 13.376746177673339844 13.393429756164550781 13.403360366821289062 13.416071891784667969 13.427989006042480469 13.427989006042480469 13.458575248718261719 13.476054191589355469 13.474465370178222656 13.468903541564941406 13.460561752319335938 13.453412055969238281
13.472478866577148438 13.472478866577148438 13.422030448913574219 13.373766899108886719 13.326297760009765625 13.282204627990722656 13.244071006774902344 13.231557846069335938 13.228180885314941406 13.228180885314941406 13.219244003295898438 13.209511756896972656 13.204347610473632812 13.206929206848144531 13.211298942565917969 13.215867042541503906 13.219442367553710938 13.219442367553710938 13.222223281860351562 13.225003242492675781 13.228578567504882812 13.239701271057128906 13.253603935241699219 13.272274017333984375 13.293923377990722656 13.293923377990722656 13.318352699279785156 13.330071449279785156 13.344173431396484375 13.362048149108886719 13.376547813415527344 13.388663291931152344 13.40177154541015625 13.40177154541015625 13.425009727478027344 13.448247909545898438 13.456788063049316406 13.45003509521484375 13.440700531005859375 13.43772125244140625
13.480622291564941406 13.480622291564941406 13.4315643310546875 13.384690284729003906 13.337618827819824219 13.291738510131835938 13.256186485290527344 13.233941078186035156 13.219640731811523438 13.219640731811523438 13.20931243896484375 13.199183464050292969 13.190443992614746094 13.192032814025878906 13.196005821228027344 13.198785781860351562 13.202559471130371094 13.202559471130371094 13.204545974731445312 13.207922935485839844 13.212491035461425781 13.221627235412597656 13.23334503173828125 13.252015113830566406 13.272870063781738281 13.272870063781738281 13.286574363708496094 13.2990875244140625 13.312990188598632812 13.328283309936523438 13.343577384948730469 13.359466552734375 13.378136634826660156 13.378136634826660156 13.403558731079101562 13.4200439453125 13.429974555969238281 13.426996231079101562 13.420243263244628906 13.419051170349121094
13.486580848693847656 13.486580848693847656 13.442090988159179688 13.397401809692382812 13.349535942077636719 13.30504608154296875 13.268500328063964844 13.239701271057128906 13.217853546142578125 13.217853546142578125 13.201169967651367188 13.189252853393554688 13.179322242736816406 13.180513381958007812 13.183095932006835938 13.185677528381347656 13.187664031982421875 13.187664031982421875 13.188855171203613281 13.192828178405761719 13.196005821228027344 13.204744338989257812 13.214278221130371094 13.228976249694824219 13.246454238891601562 13.246454238891601562 13.256781578063964844 13.268301963806152344 13.279821395874023438 13.2990875244140625 13.3115997314453125 13.326694488525390625 13.351124763488769531 13.351124763488769531 13.369595527648925781 13.388861656188964844 13.401175498962402344 13.402963638305664062 13.399586677551269531 13.392039299011230469
13.509222984313964844 13.509222984313964844 13.466520309448242188 13.425009727478027344 13.382505416870117188 13.334837913513183594 13.290944099426269531 13.251816749572753906 13.222023963928222656 13.222023963928222656 13.201765060424804688 13.174754142761230469 13.156084060668945312 13.157474517822265625 13.16065216064453125 13.163829803466796875 13.165418624877929688 13.165418624877929688 13.16680908203125 13.168397903442382812 13.171377182006835938 13.175945281982421875 13.179917335510253906 13.185280799865722656 13.189054489135742188 13.189054489135742188 13.200970649719238281 13.203949928283691406 13.214874267578125 13.235529899597167969 13.254597663879394531 13.280019760131835938 13.304052352905273438 13.304052352905273438 13.325900077819824219 13.336626052856445312 13.34139251708984375 13.345960617065429688 13.344371795654296875 13.337618827819824219
13.516770362854003906 13.516770362854003906 13.478437423706054688 13.436926841735839844 13.399189949035644531 13.35390472412109375 13.309614181518554688 13.267904281616210938 13.231955528259277344 13.231955528259277344 13.204545974731445312 13.173363685607910156 13.151515960693359375 13.151515960693359375 13.152111053466796875 13.153501510620117188 13.154295921325683594 13.154295921325683594 13.1544952392578125 13.154693603515625 13.156084060668945312 13.16045379638671875 13.163233757019042969 13.168199539184570312 13.167603492736816406 13.167603492736816406 13.171377182006835938 13.180116653442382812 13.198190689086914062 13.217654228210449219 13.237714767456054688 13.25717926025390625 13.279225349426269531 13.279225349426269531 13.301272392272949219 13.31755828857421875 13.317955970764160156 13.315969467163085938 13.311003684997558594 13.304450035095214844
13.521536827087402344 13.521536827087402344 13.484197616577148438 13.448446273803710938 13.415674209594726562 13.374163627624511719 13.330269813537597656 13.288163185119628906 13.253405570983886719 13.253405570983886719 13.22083282470703125 13.177137374877929688 13.151515960693359375 13.151515960693359375 13.151515960693359375 13.151515960693359375 13.151515960693359375 13.151515960693359375 13.14893341064453125 13.146550178527832031 13.147146224975585938 13.14913177490234375 13.150323867797851562 13.150522232055664062 13.150721549987792969 13.150721549987792969 13.152707099914550781 13.163829803466796875 13.18488311767578125 13.202361106872558594 13.218846321105957031 13.238509178161621094 13.258768081665039062 13.258768081665039062 13.278630256652832031 13.294320106506347656 13.296108245849609375 13.290745735168457031 13.285581588745117188 13.28141021728515625
13.539412498474121094 13.539412498474121094 13.495319366455078125 13.461356163024902344 13.433549880981445312 13.398593902587890625 13.352315902709960938 13.308025360107421875 13.273664474487304688 13.273664474487304688 13.237714767456054688 13.195608139038085938 13.172369956970214844 13.165816307067871094 13.157076835632324219 13.151515960693359375 13.151118278503417969 13.151118278503417969 13.147940635681152344 13.143174171447753906 13.140393257141113281 13.139995574951171875 13.143174171447753906 13.147146224975585938 13.147940635681152344 13.147940635681152344 13.148337364196777344 13.152905464172363281 13.17256927490234375 13.189451217651367188 13.205340385437011719 13.22103118896484375 13.241290092468261719 13.241290092468261719 13.256384849548339844 13.270685195922851562 13.26909637451171875 13.263336181640625 13.256781578063964844 13.250426292419433594
13.556096076965332031 13.556096076965332031 13.513989448547363281 13.481218338012695312 13.452219963073730469 13.422030448913574219 13.380321502685546875 13.337022781372070312 13.301470756530761719 13.301470756530761719 13.263336181640625 13.228578567504882812 13.204149246215820312 13.195806503295898438 13.179917335510253906 13.166014671325683594 13.156282424926757812 13.156282424926757812 13.148138999938964844 13.143372535705566406 13.138406753540039062 13.135626792907714844 13.13661956787109375 13.141783714294433594 13.146550178527832031 13.146550178527832031 13.147742271423339844 13.150721549987792969 13.161446571350097656 13.176739692687988281 13.1912384033203125 13.206134796142578125 13.225003242492675781 13.225003242492675781 13.240495681762695312 13.247248649597167969 13.243871688842773438 13.2393035888671875 13.232352256774902344 13.222818374633789062
13.560068130493164062 13.560068130493164062 13.531269073486328125 13.501476287841796875 13.472677230834960938 13.442289352416992188 13.40753173828125 13.368404388427734375 13.332056999206542969 13.332056999206542969 13.297101020812988281 13.261350631713867188 13.233544349670410156 13.220236778259277344 13.205738067626953125 13.187664031982421875 13.171377182006835938 13.171377182006835938 13.156679153442382812 13.146153450012207031 13.13642120361328125 13.133441925048828125 13.137810707092285156 13.144365310668945312 13.146748542785644531 13.146748542785644531 13.148337364196777344 13.149529457092285156 13.151316642761230469 13.162042617797851562 13.176143646240234375 13.1908416748046875 13.205340385437011719 13.205340385437011719 13.220633506774902344 13.226393699645996094 13.22142791748046875 13.215668678283691406 13.207922935485839844 13.199183464050292969
13.567615509033203125 13.567615509033203125 13.544973373413085938 13.536631584167480469 13.513989448547363281 13.475656509399414062 13.440700531005859375 13.403162002563476562 13.370191574096679688 13.370191574096679688 13.346556663513183594 13.324907302856445312 13.300676345825195312 13.278828620910644531 13.258172035217285156 13.237318038940429688 13.217853546142578125 13.217853546142578125 13.200375556945800781 13.181307792663574219 13.165021896362304688 13.155884742736816406 13.153899192810058594 13.150721549987792969 13.149331092834472656 13.149331092834472656 13.150522232055664062 13.149529457092285156 13.147344589233398438 13.146947860717773438 13.150919914245605469 13.159261703491210938 13.171774864196777344 13.171774864196777344 13.181109428405761719 13.182698249816894531 13.178328514099121094 13.170384407043457031 13.163433074951171875 13.152310371398925781
13.568609237670898438 13.568609237670898438 13.545569419860839844 13.536035537719726562 13.516770362854003906 13.481615066528320312 13.451027870178222656 13.418455123901367188 13.392635345458984375 13.392635345458984375 13.373170852661132812 13.351323127746582031 13.328680992126464844 13.30564117431640625 13.282403945922851562 13.261151313781738281 13.242878913879394531 13.242878913879394531 13.222421646118164062 13.2033538818359375 13.185479164123535156 13.169788360595703125 13.16085052490234375 13.156282424926757812 13.152508735656738281 13.152508735656738281 13.150323867797851562 13.147940635681152344 13.145159721374511719 13.144365310668945312 13.144762992858886719 13.14873504638671875 13.156084060668945312 13.156084060668945312 13.163035392761230469 13.163233757019042969 13.157871246337890625 13.151515960693359375 13.145755767822265625 13.138606071472167969
13.561458587646484375 13.561458587646484375 13.541795730590820312 13.532261848449707031 13.520544052124023438 13.495121002197265625 13.463938713073730469 13.440501213073730469 13.416667938232421875 13.416667938232421875 13.397799491882324219 13.376547813415527344 13.350131034851074219 13.332056999206542969 13.306237220764160156 13.28160858154296875 13.263932228088378906 13.263932228088378906 13.244269371032714844 13.224804878234863281 13.209710121154785156 13.194019317626953125 13.184088706970214844 13.175349235534667969 13.1670074462890625 13.1670074462890625 13.152707099914550781 13.146153450012207031 13.143570899963378906 13.141982078552246094 13.138208389282226562 13.138010025024414062 13.143570899963378906 13.143570899963378906 13.146748542785644531 13.144166946411132812 13.138010025024414062 13.134037017822265625 13.133044242858886719 13.132845878601074219
13.553911209106445312 13.553911209106445312 13.535241127014160156 13.529084205627441406 13.523721694946289062 13.5038604736328125 13.474862098693847656 13.457980155944824219 13.436330795288085938 13.436330795288085938 13.417660713195800781 13.396210670471191406 13.367808341979980469 13.35390472412109375 13.327688217163085938 13.299285888671875 13.280019760131835938 13.280019760131835938 13.263733863830566406 13.243673324584960938 13.228976249694824219 13.20891571044921875 13.195806503295898438 13.182102203369140625 13.168001174926757812 13.168001174926757812 13.154693603515625 13.144762992858886719 13.140194892883300781 13.13642120361328125 13.131257057189941406 13.130263328552246094 13.132249832153320312 13.132249832153320312 13.1306610107421875 13.127880096435546875 13.12490081787109375 13.12430572509765625 13.125695228576660156 13.128873825073242188
13.517961502075195312 13.517961502075195312 13.516571998596191406 13.519153594970703125 13.518955230712890625 13.506640434265136719 13.487175941467285156 13.473273277282714844 13.459568977355957031 13.459568977355957031 13.43791961669921875 13.415277481079101562 13.384889602661132812 13.363836288452148438 13.343974113464355469 13.315572738647460938 13.2990875244140625 13.2990875244140625 13.276047706604003906 13.254994392395019531 13.237118721008300781 13.220038414001464844 13.200772285461425781 13.184088706970214844 13.166411399841308594 13.166411399841308594 13.150919914245605469 13.139797210693359375 13.132647514343261719 13.129468917846679688 13.127085685729980469 13.12470245361328125 13.124106407165527344 13.124106407165527344 13.121127128601074219 13.1189422607421875 13.117949485778808594 13.116956710815429688 13.118147850036621094 13.122915267944335938
13.455000877380371094 13.455000877380371094 13.460959434509277344 13.477245330810546875 13.494524955749511719 13.488169670104980469 13.471684455871582031 13.462548255920410156 13.464733123779296875 13.464733123779296875 13.46234893798828125 13.442885398864746094 13.406538009643554688 13.374561309814453125 13.346953392028808594 13.320140838623046875 13.294916152954101562 13.294916152954101562 13.271677970886230469 13.248639106750488281 13.225996971130371094 13.207326889038085938 13.188855171203613281 13.164028167724609375 13.147344589233398438 13.147344589233398438 13.137215614318847656 13.129072189331054688 13.121326446533203125 13.115566253662109375 13.111394882202148438 13.109409332275390625 13.107820510864257812 13.107820510864257812 13.106230735778808594 13.106230735778808594 13.105237960815429688 13.102457046508789062 13.103450775146484375 13.105635643005371094
