models/CeLL/data/gis/temperature_zone_crop.asc
ncols        63
nrows        40
xllcorner    3.058669000000
yllcorner    42.526963555556
cellsize     0.000107111111
[rows 0 to 17 of 40, columns 0 to 39 of 63]
13.608331680297851562 13.609325408935546875 13.609722137451171875 13.610715866088867188 13.616673469543457031 13.620844841003417969 13.623426437377929688 13.628392219543457031 13.628392219543457031 13.631769180297851562 13.632165908813476562 13.63077545166015625 13.629186630249023438 13.629584312438964844 13.634946823120117188 13.640110969543457031 13.640110969543457031 13.646466255187988281 13.650637626647949219 13.643288612365722656 13.6367340087890625 13.614290237426757812 13.584696769714355469 13.566225051879882812 13.566225051879882812 13.542193412780761719 13.507832527160644531 13.472677230834960938 13.455397605895996094 13.444474220275878906 13.446857452392578125 13.452617645263671875 13.452617645263671875 13.472280502319335938 13.502866744995117188 13.533850669860839844 13.57019805908203125 13.607338905334472656 13.665930747985839844 13.700291633605957031
13.608133316040039062 13.610318183898925781 13.6125030517578125 13.614290237426757812 13.619652748107910156 13.624420166015625 13.626803398132324219 13.628988265991210938 13.628988265991210938 13.629186630249023438 13.624022483825683594 13.623228073120117188 13.625412940979003906 13.627001762390136719 13.628392219543457031 13.631173133850097656 13.631173133850097656 13.635939598083496094 13.645075798034667969 13.651630401611328125 13.648253440856933594 13.639117240905761719 13.623228073120117188 13.609921455383300781 13.609921455383300781 13.58211517333984375 13.543186187744140625 13.504654884338378906 13.479827880859375 13.466718673706054688 13.466917991638183594 13.474862098693847656 13.474862098693847656 13.494326591491699219 13.525112152099609375 13.556890487670898438 13.593436241149902344 13.63057708740234375 13.674074172973632812 13.700092315673828125
13.610914230346679688 13.615879058837890625 13.618063926696777344 13.615482330322265625 13.613297462463378906 13.616276741027832031 13.616673469543457031 13.615482330322265625 13.615482330322265625 13.615879058837890625 13.61865997314453125 13.622036933898925781 13.625016212463378906 13.627001762390136719 13.628590583801269531 13.63037872314453125 13.63037872314453125 13.632364273071289062 13.634152412414550781 13.635939598083496094 13.644281387329101562 13.654211997985839844 13.657588958740234375 13.6484527587890625 13.6484527587890625 13.627200126647949219 13.597805023193359375 13.567814826965332031 13.518160820007324219 13.502668380737304688 13.509421348571777344 13.517763137817382812 13.517763137817382812 13.530673027038574219 13.556096076965332031 13.581320762634277344 13.613297462463378906 13.646069526672363281 13.671293258666992188 13.682415962219238281
13.610914230346679688 13.615084648132324219 13.614489555358886719 13.608133316040039062 13.605352401733398438 13.608729362487792969 13.611112594604492188 13.613099098205566406 13.613099098205566406 13.615084648132324219 13.617865562438964844 13.621043205261230469 13.623029708862304688 13.625611305236816406 13.627796173095703125 13.630179405212402344 13.630179405212402344 13.632364273071289062 13.634946823120117188 13.637330055236816406 13.639117240905761719 13.643486976623535156 13.65460968017578125 13.659574508666992188 13.659574508666992188 13.646664619445800781 13.634152412414550781 13.599394798278808594 13.547952651977539062 13.525708198547363281 13.532659530639648438 13.541199684143066406 13.541199684143066406 13.549740791320800781 13.568211555480957031 13.593236923217773438 13.6246185302734375 13.652027130126953125 13.669506072998046875 13.672882080078125
13.609921455383300781 13.612701416015625 13.608331680297851562 13.605948448181152344 13.602373123168945312 13.601976394653320312 13.603366851806640625 13.605154037475585938 13.605154037475585938 13.60634613037109375 13.608331680297851562 13.611112594604492188 13.615283966064453125 13.619256019592285156 13.622831344604492188 13.625611305236816406 13.625611305236816406 13.627796173095703125 13.63057708740234375 13.631967544555664062 13.634747505187988281 13.6367340087890625 13.64269256591796875 13.65480804443359375 13.65480804443359375 13.661561012268066406 13.6490478515625 13.632761955261230469 13.595819473266601562 13.559869766235351562 13.561260223388671875 13.570794105529785156 13.570794105529785156 13.575162887573242188 13.583902359008789062 13.60634613037109375 13.632761955261230469 13.652821540832519531 13.668115615844726562 13.6724853515625
13.6123046875 13.607934951782226562 13.604161262512207031 13.604359626770019531 13.601380348205566406 13.601778030395507812 13.603168487548828125 13.604359626770019531 13.604359626770019531 13.605551719665527344 13.607140541076660156 13.610318183898925781 13.613695144653320312 13.615680694580078125 13.61826324462890625 13.621639251708984375 13.621639251708984375 13.625214576721191406 13.628392219543457031 13.630179405212402344 13.633358001708984375 13.635939598083496094 13.639514923095703125 13.646069526672363281 13.646069526672363281 13.658979415893554688 13.664143562316894531 13.651034355163574219 13.631769180297851562 13.599394798278808594 13.591052055358886719 13.600983619689941406 13.600983619689941406 13.602174758911132812 13.60634613037109375 13.61885833740234375 13.637926101684570312 13.657787322998046875 13.668711662292480469 13.672087669372558594
13.607338905334472656 13.599394798278808594 13.596216201782226562 13.594031333923339844 13.597010612487792969 13.601380348205566406 13.602572441101074219 13.602373123168945312 13.602373123168945312 13.602572441101074219 13.604359626770019531 13.607537269592285156 13.610715866088867188 13.613297462463378906 13.615879058837890625 13.620050430297851562 13.620050430297851562 13.623824119567871094 13.626207351684570312 13.628988265991210938 13.631967544555664062 13.634946823120117188 13.638124465942382812 13.641699790954589844 13.641699790954589844 13.648253440856933594 13.663348197937011719 13.664738655090332031 13.652623176574707031 13.626207351684570312 13.616673469543457031 13.623625755310058594 13.623625755310058594 13.622433662414550781 13.623625755310058594 13.630179405212402344 13.644479751586914062 13.662951469421386719 13.670101165771484375 13.671690940856933594
13.603366851806640625 13.59482574462890625 13.58211517333984375 13.573574066162109375 13.575957298278808594 13.588470458984375 13.596017837524414062 13.596812248229980469 13.596812248229980469 13.6007843017578125 13.602373123168945312 13.604359626770019531 13.606942176818847656 13.609722137451171875 13.613099098205566406 13.617865562438964844 13.617865562438964844 13.621837615966796875 13.623824119567871094 13.627001762390136719 13.63097381591796875 13.633953094482421875 13.63653564453125 13.640110969543457031 13.640110969543457031 13.643884658813476562 13.649445533752441406 13.6607666015625 13.665732383728027344 13.654013633728027344 13.641699790954589844 13.635542869567871094 13.635542869567871094 13.634747505187988281 13.63653564453125 13.640507698059082031 13.654013633728027344 13.669108390808105469 13.672087669372558594 13.676059722900390625
13.595025062561035156 13.583306312561035156 13.569005966186523438 13.554507255554199219 13.539214134216308594 13.531070709228515625 13.537227630615234375 13.545172691345214844 13.545172691345214844 13.553315162658691406 13.562849044799804688 13.578142166137695312 13.586285591125488281 13.591251373291015625 13.596216201782226562 13.606146812438964844 13.606146812438964844 13.611708641052246094 13.610715866088867188 13.614886283874511719 13.622433662414550781 13.628590583801269531 13.632563591003417969 13.6367340087890625 13.6367340087890625 13.638720512390136719 13.639514923095703125 13.64229583740234375 13.647062301635742188 13.655602455139160156 13.665136337280273438 13.668910026550292969 13.668910026550292969 13.66712188720703125 13.669902801513671875 13.675066947937011719 13.676457405090332031 13.676457405090332031 13.6724853515625 13.655800819396972656
13.5882720947265625 13.57635498046875 13.560862541198730469 13.545767784118652344 13.530872344970703125 13.515181541442871094 13.514982223510742188 13.522927284240722656 13.522927284240722656 13.530076980590820312 13.539412498474121094 13.551726341247558594 13.559869766235351562 13.568211555480957031 13.570794105529785156 13.57635498046875 13.57635498046875 13.584696769714355469 13.5886688232421875 13.592641830444335938 13.598798751831054688 13.607537269592285156 13.61865997314453125 13.631569862365722656 13.631569862365722656 13.635145187377929688 13.637131690979003906 13.637726783752441406 13.638521194458007812 13.64269256591796875 13.651034355163574219 13.663745880126953125 13.663745880126953125 13.670101165771484375 13.667717933654785156 13.662157058715820312 13.6484527587890625 13.633754730224609375 13.625810623168945312 13.611112594604492188
13.58211517333984375 13.566821098327636719 13.551726341247558594 13.537029266357421875 13.521140098571777344 13.5038604736328125 13.495915412902832031 13.502866744995117188 13.502866744995117188 13.508428573608398438 13.5163726806640625 13.525508880615234375 13.53424835205078125 13.5406036376953125 13.544178962707519531 13.547158241271972656 13.547158241271972656 13.5523223876953125 13.557088851928710938 13.561061859130859375 13.566225051879882812 13.571786880493164062 13.585491180419921875 13.608729362487792969 13.608729362487792969 13.626405715942382812 13.632165908813476562 13.633158683776855469 13.634350776672363281 13.635343551635742188 13.638918876647949219 13.646267890930175781 13.646267890930175781 13.6490478515625 13.636932373046875 13.621440887451171875 13.603962898254394531 13.583902359008789062 13.569204330444335938 13.561856269836425781
13.581121444702148438 13.563643455505371094 13.544377326965332031 13.52789306640625 13.508825302124023438 13.493532180786132812 13.482211112976074219 13.482012748718261719 13.482012748718261719 13.484992027282714844 13.488765716552734375 13.494524955749511719 13.501079559326171875 13.507634162902832031 13.513195037841796875 13.514982223510742188 13.514982223510742188 13.517961502075195312 13.52233123779296875 13.530276298522949219 13.543186187744140625 13.551726341247558594 13.561458587646484375 13.580525398254394531 13.580525398254394531 13.597209930419921875 13.615084648132324219 13.624420166015625 13.631371498107910156 13.633754730224609375 13.635939598083496094 13.640706062316894531 13.640706062316894531 13.635939598083496094 13.611310958862304688 13.583306312561035156 13.561656951904296875 13.538220405578613281 13.514387130737304688 13.49829864501953125
13.579135894775390625 13.562054634094238281 13.5406036376953125 13.517763137817382812 13.495717048645019531 13.481615066528320312 13.470492362976074219 13.465328216552734375 13.465328216552734375 13.464335441589355469 13.464533805847167969 13.465725898742675781 13.4683074951171875 13.471088409423828125 13.474663734436035156 13.477245330810546875 13.477245330810546875 13.479033470153808594 13.481416702270507812 13.488765716552734375 13.501476287841796875 13.525310516357421875 13.551130294799804688 13.561458587646484375 13.561458587646484375 13.574567794799804688 13.593436241149902344 13.606942176818847656 13.616276741027832031 13.627796173095703125 13.634747505187988281 13.6363372802734375 13.6363372802734375 13.619256019592285156 13.596017837524414062 13.569800376892089844 13.538618087768554688 13.508229255676269531 13.476649284362792969 13.451425552368164062
13.572978019714355469 13.548548698425292969 13.517167091369628906 13.487771987915039062 13.46771240234375 13.452418327331542969 13.441097259521484375 13.432953834533691406 13.432953834533691406 13.42600250244140625 13.422427177429199219 13.420243263244628906 13.418256759643554688 13.418653488159179688 13.4198455810546875 13.421236038208007812 13.421236038208007812 13.4194488525390625 13.418058395385742188 13.422824859619140625 13.4440765380859375 13.451425552368164062 13.471882820129394531 13.501079559326171875 13.501079559326171875 13.528289794921875 13.54596710205078125 13.562451362609863281 13.577943801879882812 13.590655326843261719 13.598401069641113281 13.602373123168945312 13.602373123168945312 13.599989891052246094 13.5886688232421875 13.566821098327636719 13.540008544921875 13.511010169982910156 13.482409477233886719 13.455397605895996094
13.534844398498535156 13.534844398498535156 13.499093055725097656 13.471684455871582031 13.450829505920410156 13.433351516723632812 13.417660713195800781 13.410511016845703125 13.403956413269042969 13.403956413269042969 13.397401809692382812 13.390848159790039062 13.389060020446777344 13.388663291931152344 13.388861656188964844 13.38985443115234375 13.387272834777832031 13.387272834777832031 13.386080741882324219 13.391046524047851562 13.405346870422363281 13.434543609619140625 13.452021598815917969 13.47367095947265625 13.494524955749511719 13.494524955749511719 13.515776634216308594 13.539412498474121094 13.556294441223144531 13.565430641174316406 13.572581291198730469 13.581717491149902344 13.585689544677734375 13.585689544677734375 13.580327033996582031 13.565828323364257812 13.547356605529785156 13.518359184265136719 13.490552902221679688 13.464137077331542969
13.482807159423828125 13.482807159423828125 13.450829505920410156 13.427194595336914062 13.410113334655761719 13.393032073974609375 13.384293556213378906 13.376944541931152344 13.368602752685546875 13.368602752685546875 13.360459327697753906 13.3592681884765625 13.358473777770996094 13.358473777770996094 13.358473777770996094 13.358274459838867188 13.360857009887695312 13.360857009887695312 13.372178077697753906 13.386080741882324219 13.4077301025390625 13.441891670227050781 13.450432777404785156 13.468903541564941406 13.485388755798339844 13.485388755798339844 13.506839752197265625 13.5280914306640625 13.538618087768554688 13.547356605529785156 13.560664176940917969 13.57019805908203125 13.572978019714355469 13.572978019714355469 13.566424369812011719 13.545172691345214844 13.523125648498535156 13.49829864501953125 13.471882820129394531 13.444474220275878906
13.476252555847167969 13.476252555847167969 13.433153152465820312 13.404552459716796875 13.384889602661132812 13.367212295532226562 13.358473777770996094 13.349734306335449219 13.339604377746582031 13.339604377746582031 13.332454681396484375 13.331262588500976562 13.331064224243164062 13.331064224243164062 13.331064224243164062 13.331461906433105469 13.339406013488769531 13.339406013488769531 13.352515220642089844 13.366219520568847656 13.382307052612304688 13.40753173828125 13.43811798095703125 13.448843955993652344 13.459568977355957031 13.459568977355957031 13.475854873657226562 13.494524955749511719 13.509421348571777344 13.519153594970703125 13.533255577087402344 13.550733566284179688 13.55828094482421875 13.55828094482421875 13.560465812683105469 13.545371055603027344 13.526899337768554688 13.503661155700683594 13.476252555847167969 13.44983673095703125
13.481416702270507812 13.481416702270507812 13.435933113098144531 13.393032073974609375 13.361452102661132812 13.342782974243164062 13.332256317138671875 13.324907302856445312 13.315175056457519531 13.315175056457519531 13.305840492248535156 13.304846763610839844 13.304450035095214844 13.304846763610839844 13.306038856506347656 13.307229995727539062 13.315572738647460938 13.315572738647460938 13.327092170715332031 13.340002059936523438 13.355891227722167969 13.372574806213378906 13.388861656188964844 13.412695884704589844 13.4319610595703125 13.4319610595703125 13.445864677429199219 13.463342666625976562 13.478039741516113281 13.490949630737304688 13.508229255676269531 13.524913787841796875 13.541199684143066406 13.541199684143066406 13.545767784118652344 13.539412498474121094 13.526700973510742188 13.506640434265136719 13.480423927307128906 13.453808784484863281
