models/lame/data_carto/DTMBanyulsEPSG2154/degrad_slope4326.asc
NCOLS 350 
NROWS 300 
XLLCORNER 3.087629528 
YLLCORNER 42.4486405017778 
CELLSIZE 0.000106523666666666 
NODATA_value -9999 
[rows 140 to 159 of 300, columns 92 to 137 of 350]
17.3162865808405 17.3066587597787 17.2970309387169 17.2874031176552 17.2777752965934 17.2681474755316 17.2585196544699 17.2488918334081 17.2392640123463 17.2296361912846 17.2200083702228 17.210380549161 17.2007527280993 17.1911249070375 17.1814970859757 17.171869264914 17.1622414438522 17.1526136227904 17.1429858017287 17.1333579806669 17.1237301596052 17.1141023385434 17.1044745174816 17.0948466964199 17.0852188753581 17.0755910542963 17.0659632332345 17.0563354121728 17.046707591111 17.0370797700492 17.0274519489875 17.0178241279257 17.008196306864 17.0020148671222 16.9992798087006 16.9965447502789 16.9938096918573 16.9910746334356 16.988339575014 16.9856045165923 16.9828694581706 16.980134399749 16.9773993413273 16.9746642829057 16.971929224484 16.9691941660624
17.3950827848988 17.3849338757024 17.3747849665059 17.3646360573095 17.3544871481131 17.3443382389166 17.3341893297202 17.3240404205238 17.3138915113273 17.3037426021309 17.2935936929344 17.283444783738 17.2732958745415 17.2631469653451 17.2529980561487 17.2428491469522 17.2327002377558 17.2225513285594 17.2124024193629 17.2022535101665 17.1921046009701 17.1819556917736 17.1718067825772 17.1616578733808 17.1515089641843 17.1413600549878 17.1312111457914 17.121062236595 17.1109133273985 17.1007644182021 17.0906155090057 17.0804665998092 17.0703176906128 17.0630321355309 17.0586099345635 17.0541877335961 17.0497655326287 17.0453433316613 17.0409211306939 17.0364989297264 17.032076728759 17.0276545277916 17.0232323268242 17.0188101258568 17.0143879248894 17.009965723922
17.4738789889519 17.4632089916209 17.4525389942898 17.4418689969587 17.4311989996276 17.4205290022966 17.4098590049655 17.3991890076344 17.3885190103033 17.3778490129723 17.3671790156411 17.3565090183101 17.345839020979 17.3351690236479 17.3244990263168 17.3138290289858 17.3031590316547 17.2924890343236 17.2818190369926 17.2711490396615 17.2604790423304 17.2498090449993 17.2391390476683 17.2284690503372 17.2177990530061 17.207129055675 17.1964590583439 17.1857890610128 17.1751190636818 17.1644490663507 17.1537790690196 17.1431090716885 17.1324390743575 17.1240494039354 17.1179400604224 17.1118307169093 17.1057213733963 17.0996120298833 17.0935026863703 17.0873933428572 17.0812839993442 17.0751746558311 17.0690653123181 17.0629559688051 17.056846625292 17.050737281779
17.552675193005 17.5414841075393 17.5302930220736 17.5191019366079 17.5079108511422 17.4967197656765 17.4855286802108 17.4743375947451 17.4631465092793 17.4519554238136 17.4407643383479 17.4295732528822 17.4183821674164 17.4071910819507 17.395999996485 17.3848089110193 17.3736178255536 17.3624267400879 17.3512356546222 17.3400445691565 17.3288534836907 17.317662398225 17.3064713127593 17.2952802272936 17.2840891418279 17.2728980563621 17.2617069708964 17.2505158854307 17.239324799965 17.2281337144993 17.2169426290336 17.2057515435679 17.1945604581021 17.18506667234 17.1772701862813 17.1694737002226 17.161677214164 17.1538807281053 17.1460842420466 17.1382877559879 17.1304912699293 17.1226947838706 17.114898297812 17.1071018117533 17.0993053256946 17.091508839636
17.6314713970634 17.619759223463 17.6080470498626 17.5963348762623 17.5846227026619 17.5729105290615 17.5611983554611 17.5494861818607 17.5377740082603 17.5260618346599 17.5143496610595 17.5026374874591 17.4909253138587 17.4792131402584 17.467500966658 17.4557887930576 17.4440766194572 17.4323644458568 17.4206522722564 17.408940098656 17.3972279250557 17.3855157514553 17.3738035778549 17.3620914042545 17.3503792306541 17.3386670570537 17.3269548834533 17.3152427098529 17.3035305362525 17.2918183626521 17.2801061890517 17.2683940154514 17.256681841851 17.2460839407486 17.2366003121442 17.2271166835398 17.2176330549354 17.2081494263309 17.1986657977265 17.1891821691221 17.1796985405177 17.1702149119133 17.1607312833089 17.1512476547045 17.1417640261001 17.1322803974957
17.7102676011165 17.6980343393815 17.6858010776465 17.6735678159115 17.6613345541764 17.6491012924414 17.6368680307064 17.6246347689714 17.6124015072363 17.6001682455013 17.5879349837662 17.5757017220312 17.5634684602962 17.5512351985612 17.5390019368261 17.5267686750911 17.5145354133561 17.5023021516211 17.490068889886 17.477835628151 17.465602366416 17.453369104681 17.4411358429459 17.4289025812109 17.4166693194759 17.4044360577408 17.3922027960058 17.3799695342708 17.3677362725358 17.3555030108007 17.3432697490657 17.3310364873307 17.3188032255957 17.3071012091531 17.2959304380031 17.284759666853 17.273588895703 17.262418124553 17.2512473534029 17.2400765822528 17.2289058111028 17.2177350399528 17.2065642688027 17.1953934976527 17.1842227265027 17.1730519553526
17.7890638051696 17.7763094553 17.7635551054303 17.7508007555606 17.738046405691 17.7252920558213 17.7125377059517 17.699783356082 17.6870290062123 17.6742746563427 17.661520306473 17.6487659566033 17.6360116067336 17.623257256864 17.6105029069943 17.5977485571246 17.584994207255 17.5722398573853 17.5594855075157 17.546731157646 17.5339768077763 17.5212224579067 17.508468108037 17.4957137581673 17.4829594082977 17.470205058428 17.4574507085583 17.4446963586886 17.431942008819 17.4191876589493 17.4064333090797 17.39367895921 17.3809246093403 17.3681184775577 17.355260563862 17.3424026501663 17.3295447364707 17.316686822775 17.3038289090793 17.2909709953836 17.2781130816879 17.2652551679923 17.2523972542966 17.2395393406009 17.2266814269052 17.2138235132096
17.867860009228 17.8545845712237 17.8413091332193 17.828033695215 17.8147582572107 17.8014828192063 17.788207381202 17.7749319431977 17.7616565051933 17.748381067189 17.7351056291846 17.7218301911803 17.7085547531759 17.6952793151716 17.6820038771673 17.6687284391629 17.6554530011586 17.6421775631542 17.6289021251499 17.6156266871456 17.6023512491412 17.5890758111369 17.5758003731326 17.5625249351282 17.5492494971239 17.5359740591195 17.5226986211152 17.5094231831108 17.4961477451065 17.4828723071022 17.4695968690978 17.4563214310935 17.4430459930892 17.4291357459663 17.4145906897249 17.4000456334835 17.385500577242 17.3709555210006 17.3564104647592 17.3418654085177 17.3273203522763 17.3127752960349 17.2982302397935 17.2836851835521 17.2691401273107 17.2545950710693
17.9466562132811 17.9328596871421 17.9190631610032 17.9052666348642 17.8914701087252 17.8776735825862 17.8638770564473 17.8500805303083 17.8362840041693 17.8224874780304 17.8086909518913 17.7948944257523 17.7810978996134 17.7673013734744 17.7535048473354 17.7397083211965 17.7259117950575 17.7121152689185 17.6983187427795 17.6845222166406 17.6707256905016 17.6569291643626 17.6431326382236 17.6293361120847 17.6155395859457 17.6017430598067 17.5879465336677 17.5741500075287 17.5603534813897 17.5465569552508 17.5327604291118 17.5189639029728 17.5051673768338 17.4901530143708 17.4739208155838 17.4576886167968 17.4414564180097 17.4252242192227 17.4089920204356 17.3927598216485 17.3765276228615 17.3602954240744 17.3440632252874 17.3278310265003 17.3115988277133 17.2953666289262
18.0254524173342 18.0111348030606 17.996817188787 17.9824995745134 17.9681819602398 17.9538643459662 17.9395467316926 17.9252291174189 17.9109115031453 17.8965938888717 17.882276274598 17.8679586603244 17.8536410460508 17.8393234317772 17.8250058175036 17.81068820323 17.7963705889564 17.7820529746828 17.7677353604092 17.7534177461355 17.7391001318619 17.7247825175883 17.7104649033147 17.6961472890411 17.6818296747675 17.6675120604938 17.6531944462202 17.6388768319466 17.624559217673 17.6102416033994 17.5959239891257 17.5816063748521 17.5672887605785 17.5511702827754 17.5332509414427 17.51533160011 17.4974122587774 17.4794929174447 17.461573576112 17.4436542347793 17.4257348934466 17.4078155521139 17.3898962107812 17.3719768694485 17.3540575281159 17.3361381867832
18.1042486213926 18.0894099189843 18.074571216576 18.0597325141677 18.0448938117595 18.0300551093512 18.0152164069429 18.0003777045346 17.9855390021263 17.970700299718 17.9558615973097 17.9410228949014 17.9261841924931 17.9113454900848 17.8965067876765 17.8816680852683 17.86682938286 17.8519906804517 17.8371519780434 17.8223132756351 17.8074745732268 17.7926358708186 17.7777971684103 17.762958466002 17.7481197635937 17.7332810611853 17.7184423587771 17.7036036563688 17.6887649539605 17.6739262515522 17.6590875491439 17.6442488467356 17.6294101443274 17.612187551184 17.5925810673056 17.5729745834272 17.5533680995487 17.5337616156703 17.5141551317919 17.4945486479134 17.474942164035 17.4553356801566 17.4357291962781 17.4161227123997 17.3965162285213 17.3769097446429
18.1830448254457 18.1676850349028 18.1523252443599 18.1369654538169 18.121605663274 18.1062458727311 18.0908860821882 18.0755262916452 18.0601665011023 18.0448067105594 18.0294469200164 18.0140871294735 17.9987273389306 17.9833675483876 17.9680077578447 17.9526479673018 17.9372881767589 17.9219283862159 17.906568595673 17.8912088051301 17.8758490145872 17.8604892240443 17.8451294335013 17.8297696429584 17.8144098524155 17.7990500618725 17.7836902713296 17.7683304807866 17.7529706902437 17.7376108997008 17.7222511091579 17.706891318615 17.691531528072 17.6732048195886 17.6519111931645 17.6306175667405 17.6093239403164 17.5880303138923 17.5667366874683 17.5454430610441 17.5241494346201 17.502855808196 17.481562181772 17.4602685553479 17.4389749289239 17.4176813024998
18.2618410294988 18.2459601508213 18.2300792721437 18.2141983934661 18.1983175147886 18.182436636111 18.1665557574334 18.1506748787559 18.1347940000783 18.1189131214008 18.1030322427231 18.0871513640456 18.071270485368 18.0553896066904 18.0395087280129 18.0236278493353 18.0077469706578 17.9918660919802 17.9759852133026 17.9601043346251 17.9442234559475 17.92834257727 17.9124616985924 17.8965808199148 17.8806999412373 17.8648190625596 17.8489381838821 17.8330573052045 17.817176426527 17.8012955478494 17.7854146691718 17.7695337904943 17.7536529118167 17.7342220879931 17.7112413190234 17.6882605500537 17.665279781084 17.6422990121144 17.6193182431447 17.5963374741749 17.5733567052052 17.5503759362355 17.5273951672659 17.5044143982962 17.4814336293265 17.4584528603568
18.3406372335572 18.3242352667449 18.3078332999327 18.2914313331205 18.2750293663082 18.258627399496 18.2422254326838 18.2258234658715 18.2094214990593 18.1930195322471 18.1766175654348 18.1602155986225 18.1438136318103 18.1274116649981 18.1110096981858 18.0946077313736 18.0782057645614 18.0618037977491 18.0454018309369 18.0289998641247 18.0125978973124 17.9961959305002 17.979793963688 17.9633919968757 17.9469900300635 17.9305880632512 17.9141860964389 17.8977841296267 17.8813821628145 17.8649801960022 17.84857822919 17.8321762623778 17.8157742955655 17.7952393564017 17.7705714448863 17.7459035333709 17.7212356218554 17.69656771034 17.6718997988246 17.6472318873091 17.6225639757936 17.5978960642782 17.5732281527628 17.5485602412473 17.5238923297319 17.4992244182165
18.4194334376103 18.4025103826634 18.3855873277166 18.3686642727697 18.3517412178228 18.3348181628759 18.3178951079291 18.3009720529822 18.2840489980353 18.2671259430884 18.2502028881415 18.2332798331946 18.2163567782478 18.1994337233009 18.182510668354 18.1655876134071 18.1486645584603 18.1317415035134 18.1148184485665 18.0978953936196 18.0809723386728 18.0640492837259 18.047126228779 18.0302031738321 18.0132801188853 17.9963570639383 17.9794340089915 17.9625109540446 17.9455878990977 17.9286648441508 17.911741789204 17.8948187342571 17.8778956793102 17.8562566248063 17.8299015707452 17.8035465166842 17.7771914626231 17.750836408562 17.724481354501 17.6981263004398 17.6717712463787 17.6454161923177 17.6190611382566 17.5927060841956 17.5663510301345 17.5399959760734
18.4982296416634 18.4807854985819 18.4633413555004 18.4458972124189 18.4284530693374 18.4110089262558 18.3935647831743 18.3761206400928 18.3586764970113 18.3412323539298 18.3237882108482 18.3063440677667 18.2888999246852 18.2714557816037 18.2540116385222 18.2365674954407 18.2191233523592 18.2016792092776 18.1842350661961 18.1667909231146 18.1493467800331 18.1319026369516 18.1144584938701 18.0970143507886 18.0795702077071 18.0621260646255 18.044681921544 18.0272377784625 18.0097936353809 17.9923494922994 17.9749053492179 17.9574612061364 17.9400170630549 17.9172738932108 17.8892316966041 17.8611894999974 17.8331473033907 17.8051051067841 17.7770629101774 17.7490207135706 17.7209785169639 17.6929363203572 17.6648941237505 17.6368519271438 17.6088097305371 17.5807675339304
18.5770258457218 18.5590606145056 18.5410953832894 18.5231301520732 18.505164920857 18.4871996896409 18.4692344584247 18.4512692272085 18.4333039959923 18.4153387647761 18.3973735335599 18.3794083023437 18.3614430711275 18.3434778399113 18.3255126086951 18.3075473774789 18.2895821462627 18.2716169150466 18.2536516838304 18.2356864526142 18.217721221398 18.1997559901818 18.1817907589656 18.1638255277495 18.1458602965333 18.127895065317 18.1099298341008 18.0919646028847 18.0739993716685 18.0560341404523 18.0380689092361 18.0201036780199 18.0021384468037 17.9782911616194 17.948561822467 17.9188324833146 17.8891031441621 17.8593738050097 17.8296444658573 17.7999151267047 17.7701857875523 17.7404564483998 17.7107271092474 17.680997770095 17.6512684309425 17.6215390917901
18.6558220497749 18.6373357304241 18.6188494110732 18.6003630917224 18.5818767723716 18.5633904530208 18.54490413367 18.5264178143191 18.5079314949683 18.4894451756175 18.4709588562666 18.4524725369158 18.4339862175649 18.4154998982141 18.3970135788633 18.3785272595125 18.3600409401616 18.3415546208108 18.32306830146 18.3045819821092 18.2860956627584 18.2676093434075 18.2491230240567 18.2306367047059 18.2121503853551 18.1936640660042 18.1751777466533 18.1566914273025 18.1382051079517 18.1197187886009 18.1012324692501 18.0827461498992 18.0642598305484 18.039308430024 18.0078919483259 17.9764754666279 17.9450589849298 17.9136425032317 17.8822260215337 17.8508095398355 17.8193930581374 17.7879765764393 17.7565600947413 17.7251436130432 17.6937271313451 17.6623106496471
18.734618253828 18.7156108463425 18.6966034388571 18.6775960313716 18.6585886238861 18.6395812164007 18.6205738089152 18.6015664014298 18.5825589939443 18.5635515864588 18.5445441789733 18.5255367714879 18.5065293640024 18.4875219565169 18.4685145490315 18.449507141546 18.4304997340605 18.4114923265751 18.3924849190896 18.3734775116042 18.3544701041187 18.3354626966332 18.3164552891478 18.2974478816623 18.2784404741769 18.2594330666913 18.2404256592059 18.2214182517204 18.2024108442349 18.1834034367495 18.164396029264 18.1453886217786 18.1263812142931 18.1003256984285 18.0672220741848 18.0341184499411 18.0010148256974 17.9679112014537 17.93480757721 17.9017039529662 17.8686003287225 17.8354967044788 17.8023930802351 17.7692894559914 17.7361858317477 17.703082207504
18.8134144578864 18.7938859622662 18.7743574666461 18.754828971026 18.7353004754058 18.7157719797857 18.6962434841656 18.6767149885454 18.6571864929253 18.6376579973052 18.6181295016849 18.5986010060648 18.5790725104447 18.5595440148245 18.5400155192044 18.5204870235843 18.5009585279641 18.481430032344 18.4619015367239 18.4423730411037 18.4228445454836 18.4033160498635 18.3837875542433 18.3642590586232 18.3447305630031 18.3252020673829 18.3056735717627 18.2861450761426 18.2666165805225 18.2470880849023 18.2275595892822 18.2080310936621 18.1885025980419 18.1613429668372 18.1265522000477 18.0917614332583 18.0569706664688 18.0221798996794 17.9873891328899 17.9525983661004 17.9178075993109 17.8830168325215 17.848226065732 17.8134352989426 17.7786445321531 17.7438537653637
