models/lame/data_carto/DTMBanyulsEPSG2154/degrad_slope4326.asc
NCOLS 350 
NROWS 300 
XLLCORNER 3.087629528 
YLLCORNER 42.4486405017778 
CELLSIZE 0.000106523666666666 
NODATA_value -9999 
[rows 220 to 239 of 300, columns 0 to 45 of 350]
29.0909180143286 29.0041270046421 28.9173359949555 28.8305449852689 28.7437539755824 28.6569629658958 28.5701719562092 28.4833809465227 28.3965899368361 28.3097989271495 28.223007917463 28.1362169077764 28.0494258980898 27.9626348884033 27.8758438787167 27.7890528690298 27.7022618593432 27.6154708496566 27.5286798399701 27.4418888302835 27.3550978205969 27.2683068109104 27.1815158012238 27.0947247915372 27.0079337818506 26.9211427721641 26.8343517624775 26.7475607527909 26.6607697431044 26.5739787334175 26.4871877237309 26.4003967140443 26.3136057043577 26.2268146946712 26.1400236849846 26.053232675298 25.9664416656115 25.8796506559249 25.7928596462383 25.7060686365518 25.6192776268652 25.5324866171786 25.4456956074921 25.3589045978055 25.2721135881186 25.185322578432
29.361976454477 29.2721686970407 29.1823609396044 29.092553182168 29.0027454247317 28.9129376672954 28.8231299098591 28.7333221524227 28.6435143949864 28.5537066375501 28.4638988801138 28.3740911226775 28.2842833652411 28.1944756078048 28.1046678503685 28.0148600929318 27.9250523354955 27.8352445780591 27.7454368206228 27.6556290631865 27.5658213057502 27.4760135483139 27.3862057908775 27.2963980334412 27.2065902760049 27.1167825185686 27.0269747611322 26.9371670036959 26.8473592462596 26.7575514888229 26.6677437313866 26.5779359739503 26.4881282165139 26.3983204590776 26.3085127016413 26.218704944205 26.1288971867687 26.0390894293323 25.949281671896 25.8594739144597 25.7696661570234 25.679858399587 25.5900506421507 25.5002428847144 25.4104351272777 25.3206273698414
29.6330348946254 29.5402103894393 29.4473858842532 29.3545613790671 29.2617368738811 29.168912368695 29.0760878635089 28.9832633583228 28.8904388531367 28.7976143479507 28.7047898427646 28.6119653375785 28.5191408323924 28.4263163272064 28.3334918220203 28.2406673168338 28.1478428116477 28.0550183064617 27.9621938012756 27.8693692960895 27.7765447909034 27.6837202857174 27.5908957805313 27.4980712753452 27.4052467701591 27.312422264973 27.219597759787 27.1267732546009 27.0339487494148 26.9411242442284 26.8482997390423 26.7554752338562 26.6626507286701 26.569826223484 26.477001718298 26.3841772131119 26.2913527079258 26.1985282027397 26.1057036975537 26.0128791923676 25.9200546871815 25.8272301819954 25.7344056768093 25.6415811716233 25.5487566664368 25.4559321612507
29.9040933347918 29.8082520818558 29.7124108289198 29.6165695759837 29.5207283230477 29.4248870701117 29.3290458171756 29.2332045642396 29.1373633113036 29.0415220583675 28.9456808054315 28.8498395524955 28.7539982995594 28.6581570466234 28.5623157936874 28.4664745407509 28.3706332878149 28.2747920348789 28.1789507819428 28.0831095290068 27.9872682760708 27.8914270231347 27.7955857701987 27.6997445172627 27.6039032643266 27.5080620113906 27.4122207584546 27.3163795055185 27.2205382525825 27.1246969996461 27.02885574671 26.933014493774 26.837173240838 26.7413319879019 26.6454907349659 26.5496494820298 26.4538082290938 26.3579669761578 26.2621257232218 26.1662844702857 26.0704432173497 25.9746019644137 25.8787607114776 25.7829194585416 25.6870782056051 25.5912369526691
30.1751517749402 30.0762937742544 29.9774357735686 29.8785777728828 29.779719772197 29.6808617715113 29.5820037708255 29.4831457701397 29.3842877694539 29.2854297687681 29.1865717680823 29.0877137673965 28.9888557667107 28.8899977660249 28.7911397653392 28.692281764653 28.5934237639672 28.4945657632814 28.3957077625956 28.2968497619098 28.197991761224 28.0991337605382 28.0002757598524 27.9014177591666 27.8025597584809 27.7037017577951 27.6048437571093 27.5059857564235 27.4071277557377 27.3082697550515 27.2094117543657 27.1105537536799 27.0116957529941 26.9128377523083 26.8139797516226 26.7151217509368 26.616263750251 26.5174057495652 26.4185477488794 26.3196897481936 26.2208317475078 26.121973746822 26.0231157461362 25.9242577454505 25.8253997447643 25.7265417440785
30.2780765132808 30.1785660796229 30.079055645965 29.9795452123071 29.8800347786492 29.7805243449913 29.6810139113334 29.5815034776755 29.4819930440176 29.3824826103597 29.2829721767018 29.1834617430439 29.083951309386 28.9844408757281 28.8849304420702 28.7854200084119 28.685909574754 28.5863991410961 28.4868887074382 28.3873782737803 28.2878678401224 28.1883574064645 28.0888469728066 27.9893365391487 27.8898261054909 27.790315671833 27.6908052381751 27.5912948045172 27.4917843708593 27.392273937201 27.2927635035431 27.1932530698852 27.0937426362273 26.9942322025694 26.8947217689115 26.7952113352536 26.6957009015957 26.5961904679378 26.4966800342799 26.397169600622 26.2976591669641 26.1981487333062 26.0986382996483 25.9991278659904 25.8996174323321 25.8001069986742
30.2128675498092 30.115068997957 30.0172704461047 29.9194718942525 29.8216733424002 29.723874790548 29.6260762386957 29.5282776868435 29.4304791349913 29.332680583139 29.2348820312868 29.1370834794345 29.0392849275823 28.9414863757301 28.8436878238778 28.7458892720252 28.6480907201729 28.5502921683207 28.4524936164684 28.3546950646162 28.256896512764 28.1590979609117 28.0612994090595 27.9635008572072 27.865702305355 27.7679037535028 27.6701052016505 27.5723066497983 27.474508097946 27.3767095460934 27.2789109942411 27.1811124423889 27.0833138905366 26.9855153386844 26.8877167868322 26.7899182349799 26.6921196831277 26.5943211312754 26.4965225794232 26.398724027571 26.3009254757187 26.2031269238665 26.1053283720142 26.007529820162 25.9097312683093 25.8119327164571
30.147658586342 30.0515719162953 29.9554852462486 29.8593985762019 29.7633119061552 29.6672252361085 29.5711385660618 29.4750518960151 29.3789652259684 29.2828785559217 29.186791885875 29.0907052158283 28.9946185457816 28.8985318757349 28.8024452056882 28.7063585356411 28.6102718655944 28.5141851955477 28.418098525501 28.3220118554543 28.2259251854075 28.1298385153608 28.0337518453141 27.9376651752674 27.8415785052207 27.745491835174 27.6494051651273 27.5533184950806 27.4572318250339 27.3611451549868 27.2650584849401 27.1689718148934 27.0728851448467 26.9767984748 26.8807118047533 26.7846251347066 26.6885384646599 26.5924517946132 26.4963651245665 26.4002784545198 26.3041917844731 26.2081051144264 26.1120184443797 26.015931774333 25.9198451042859 25.8237584342392
30.0824496228748 29.9880748346336 29.8937000463924 29.7993252581513 29.7049504699101 29.610575681669 29.5162008934278 29.4218261051866 29.3274513169455 29.2330765287043 29.1387017404631 29.044326952222 28.9499521639808 28.8555773757397 28.7612025874985 28.666827799257 28.5724530110158 28.4780782227746 28.3837034345335 28.2893286462923 28.1949538580511 28.10057906981 28.0062042815688 27.9118294933277 27.8174547050865 27.7230799168453 27.6287051286042 27.534330340363 27.4399555521218 27.3455807638803 27.2512059756391 27.156831187398 27.0624563991568 26.9680816109156 26.8737068226745 26.7793320344333 26.6849572461922 26.590582457951 26.4962076697098 26.4018328814687 26.3074580932275 26.2130833049864 26.1187085167452 26.024333728504 25.9299589402625 25.8355841520213
30.0172406594032 29.9245777529677 29.8319148465322 29.7392519400967 29.6465890336612 29.5539261272257 29.4612632207901 29.3686003143546 29.2759374079191 29.1832745014836 29.0906115950481 28.9979486886126 28.9052857821771 28.8126228757416 28.7199599693061 28.6272970628702 28.5346341564347 28.4419712499992 28.3493083435637 28.2566454371282 28.1639825306927 28.0713196242572 27.9786567178217 27.8859938113861 27.7933309049506 27.7006679985151 27.6080050920796 27.5153421856441 27.4226792792086 27.3300163727727 27.2373534663372 27.1446905599017 27.0520276534662 26.9593647470307 26.8667018405952 26.7740389341597 26.6813760277242 26.5887131212887 26.4960502148531 26.4033873084176 26.3107244019821 26.2180614955466 26.1253985891111 26.0327356826756 25.9400727762397 25.8474098698042
29.952031695936 29.861080671306 29.770129646676 29.6791786220461 29.5882275974161 29.4972765727861 29.4063255481562 29.3153745235262 29.2244234988962 29.1334724742663 29.0425214496363 28.9515704250063 28.8606194003764 28.7696683757464 28.6787173511164 28.5877663264861 28.4968153018561 28.4058642772262 28.3149132525962 28.2239622279662 28.1330112033363 28.0420601787063 27.9511091540763 27.8601581294464 27.7692071048164 27.6782560801864 27.5873050555565 27.4963540309265 27.4054030062965 27.3144519816662 27.2235009570362 27.1325499324062 27.0415989077763 26.9506478831463 26.8596968585163 26.7687458338864 26.6777948092564 26.5868437846264 26.4958927599965 26.4049417353665 26.3139907107365 26.2230396861066 26.1320886614766 26.0411376368466 25.9501866122163 25.8592355875863
29.8868227324688 29.7975835896443 29.7083444468199 29.6191053039955 29.5298661611711 29.4406270183466 29.3513878755222 29.2621487326978 29.1729095898733 29.0836704470489 28.9944313042245 28.9051921614001 28.8159530185756 28.7267138757512 28.6374747329268 28.548235590102 28.4589964472775 28.3697573044531 28.2805181616287 28.1912790188043 28.1020398759798 28.0128007331554 27.923561590331 27.8343224475066 27.7450833046821 27.6558441618577 27.5666050190333 27.4773658762089 27.3881267333844 27.2988875905596 27.2096484477352 27.1204093049108 27.0311701620863 26.9419310192619 26.8526918764375 26.7634527336131 26.6742135907886 26.5849744479642 26.4957353051398 26.4064961623154 26.3172570194909 26.2280178766665 26.1387787338421 26.0495395910177 25.9603004481929 25.8710613053684
29.8216137689972 29.7340865079784 29.6465592469596 29.5590319859409 29.4715047249221 29.3839774639033 29.2964502028845 29.2089229418658 29.121395680847 29.0338684198282 28.9463411588095 28.8588138977907 28.7712866367719 28.6837593757531 28.5962321147344 28.5087048537152 28.4211775926965 28.3336503316777 28.2461230706589 28.1585958096401 28.0710685486214 27.9835412876026 27.8960140265838 27.808486765565 27.7209595045463 27.6334322435275 27.5459049825087 27.45837772149 27.3708504604712 27.2833231994521 27.1957959384333 27.1082686774145 27.0207414163957 26.933214155377 26.8456868943582 26.7581596333394 26.6706323723206 26.5831051113019 26.4955778502831 26.4080505892643 26.3205233282456 26.2329960672268 26.145468806208 26.0579415451892 25.9704142841701 25.8828870231513
29.75640480553 29.6705894263167 29.5847740471035 29.4989586678903 29.413143288677 29.3273279094638 29.2415125302506 29.1556971510373 29.0698817718241 28.9840663926109 28.8982510133976 28.8124356341844 28.7266202549712 28.6408048757579 28.5549894965447 28.4691741173311 28.3833587381179 28.2975433589047 28.2117279796914 28.1259126004782 28.040097221265 27.9542818420517 27.8684664628385 27.7826510836253 27.696835704412 27.6110203251988 27.5252049459856 27.4393895667723 27.3535741875591 27.2677588083455 27.1819434291323 27.096128049919 27.0103126707058 26.9244972914926 26.8386819122793 26.7528665330661 26.6670511538529 26.5812357746397 26.4954203954264 26.4096050162132 26.323789637 26.2379742577867 26.1521588785735 26.0663434993603 25.9805281201467 25.8947127409334
29.6911958420584 29.6070923446508 29.5229888472432 29.4388853498357 29.3547818524281 29.2706783550205 29.1865748576129 29.1024713602053 29.0183678627978 28.9342643653902 28.8501608679826 28.766057370575 28.6819538731675 28.5978503757599 28.5137468783523 28.4296433809444 28.3455398835368 28.2614363861292 28.1773328887216 28.0932293913141 28.0091258939065 27.9250223964989 27.8409188990913 27.7568154016837 27.6727119042762 27.5886084068686 27.504504909461 27.4204014120534 27.3362979146459 27.2521944172379 27.1680909198304 27.0839874224228 26.9998839250152 26.9157804276076 26.8316769302 26.7475734327925 26.6634699353849 26.5793664379773 26.4952629405697 26.4111594431622 26.3270559457546 26.242952448347 26.1588489509394 26.0747454535318 25.9906419561239 25.9065384587163
29.6259868785912 29.5435952629891 29.4612036473871 29.3788120317851 29.296420416183 29.214028800581 29.1316371849789 29.0492455693769 28.9668539537749 28.8844623381728 28.8020707225708 28.7196791069688 28.6372874913667 28.5548958757647 28.4725042601626 28.3901126445603 28.3077210289582 28.2253294133562 28.1429377977542 28.0605461821521 27.9781545665501 27.895762950948 27.813371335346 27.730979719744 27.6485881041419 27.5661964885399 27.4838048729378 27.4014132573358 27.3190216417338 27.2366300261314 27.1542384105294 27.0718467949273 26.9894551793253 26.9070635637232 26.8246719481212 26.7422803325192 26.6598887169171 26.5774971013151 26.4951054857131 26.412713870111 26.330322254509 26.2479306389069 26.1655390233049 26.0831474077029 26.0007557921005 25.9183641764984
29.5607779151239 29.4800981813274 29.399418447531 29.3187387137345 29.238058979938 29.1573792461415 29.076699512345 28.9960197785485 28.915340044752 28.8346603109555 28.753980577159 28.6733008433625 28.592621109566 28.5119413757695 28.431261641973 28.3505819081762 28.2699021743797 28.1892224405832 28.1085427067867 28.0278629729902 27.9471832391937 27.8665035053972 27.7858237716007 27.7051440378042 27.6244643040077 27.5437845702112 27.4631048364147 27.3824251026182 27.3017453688217 27.2210656350248 27.1403859012284 27.0597061674319 26.9790264336354 26.8983466998389 26.8176669660424 26.7369872322459 26.6563074984494 26.5756277646529 26.4949480308564 26.4142682970599 26.3335885632634 26.2529088294669 26.1722290956704 26.0915493618739 26.010869628077 25.9301898942806
29.4955689516524 29.4166010996615 29.3376332476707 29.2586653956798 29.179697543689 29.1007296916982 29.0217618397073 28.9427939877165 28.8638261357256 28.7848582837348 28.7058904317439 28.6269225797531 28.5479547277623 28.4689868757714 28.3900190237806 28.3110511717894 28.2320833197986 28.1531154678077 28.0741476158169 27.995179763826 27.9162119118352 27.8372440598443 27.7582762078535 27.6793083558627 27.6003405038718 27.521372651881 27.4424047998901 27.3634369478993 27.2844690959084 27.2055012439173 27.1265333919264 27.0475655399356 26.9685976879447 26.8896298359539 26.8106619839631 26.7316941319722 26.6527262799814 26.5737584279905 26.4947905759997 26.4158227240088 26.336854872018 26.2578870200272 26.1789191680363 26.0999513160455 26.0209834640543 25.9420156120635
29.4303599881852 29.3531040179999 29.2758480478146 29.1985920776293 29.1213361074439 29.0440801372586 28.9668241670733 28.889568196888 28.8123122267027 28.7350562565174 28.6578002863321 28.5805443161468 28.5032883459615 28.4260323757762 28.3487764055909 28.2715204354053 28.19426446522 28.1170084950347 28.0397525248494 27.9624965546641 27.8852405844788 27.8079846142935 27.7307286441082 27.6534726739229 27.5762167037376 27.4989607335523 27.421704763367 27.3444487931817 27.2671928229964 27.1899368528107 27.1126808826254 27.0354249124401 26.9581689422548 26.8809129720695 26.8036570018842 26.7264010316989 26.6491450615136 26.5718890913283 26.494633121143 26.4173771509577 26.3401211807724 26.2628652105871 26.1856092404018 26.1083532702165 26.0310973000309 25.9538413298456
29.3651510247179 29.2896069363382 29.2140628479584 29.1385187595787 29.0629746711989 28.9874305828191 28.9118864944394 28.8363424060596 28.7607983176798 28.6852542293001 28.6097101409203 28.5341660525406 28.4586219641608 28.383077875781 28.3075337874013 28.2319896990212 28.1564456106414 28.0809015222617 28.0053574338819 27.9298133455021 27.8542692571224 27.7787251687426 27.7031810803628 27.6276369919831 27.5520929036033 27.4765488152236 27.4010047268438 27.325460638464 27.2499165500843 27.1743724617042 27.0988283733244 27.0232842849447 26.9477401965649 26.8721961081851 26.7966520198054 26.7211079314256 26.6455638430458 26.5700197546661 26.4944756662863 26.4189315779066 26.3433874895268 26.267843401147 26.1922993127673 26.1167552243875 26.0412111360074 25.9656670476277
