models/lame/data_carto/DTMBanyulsEPSG2154/degrad_slope4326.asc
NCOLS 350 
NROWS 300 
XLLCORNER 3.087629528 
YLLCORNER 42.4486405017778 
CELLSIZE 0.000106523666666666 
NODATA_value -9999 
[rows 20 to 39 of 300, columns 46 to 91 of 350]
24.0316726747013 23.9995399169227 23.9674071591441 23.9352744013656 23.903141643587 23.8710088858084 23.8388761280298 23.8067433702512 23.7746106124726 23.742477854694 23.7103450969154 23.6782123391368 23.6460795813581 23.6139468235795 23.5818140658009 23.5496813080223 23.5175485502437 23.4854157924652 23.4532830346866 23.421150276908 23.3890175191294 23.3568847613508 23.3247520035722 23.2926192457936 23.260486488015 23.2283537302364 23.1962209724578 23.1640882146791 23.1319554569005 23.0994970770197 23.0667130750366 23.0339290730535 23.0011450710703 22.9683610690872 22.9355770671041 22.902793065121 22.8700090631379 22.8372250611548 22.8044410591717 22.7716570571886 22.7388730552055 22.7060890532222 22.6733050512391 22.640521049256 22.6077370472729 22.5749530452898
23.9850483838949 23.9522884825481 23.9195285812013 23.8867686798546 23.8540087785078 23.821248877161 23.7884889758143 23.7557290744675 23.7229691731208 23.690209271774 23.6574493704272 23.6246894690805 23.5919295677336 23.5591696663868 23.5264097650401 23.4936498636933 23.4608899623465 23.4281300609998 23.395370159653 23.3626102583062 23.3298503569595 23.2970904556127 23.264330554266 23.2315706529192 23.1988107515724 23.1660508502257 23.1332909488789 23.100531047532 23.0677711461852 23.03581118431 23.0046511619064 22.9734911395027 22.9423311170991 22.9111710946954 22.8800110722918 22.8488510498881 22.8176910274845 22.7865310050808 22.7553709826771 22.7242109602735 22.6930509378698 22.661890915466 22.6307308930624 22.5995708706587 22.5684108482551 22.5372508258514
23.9384240930853 23.9050370481703 23.8716500032553 23.8382629583403 23.8048759134254 23.7714888685104 23.7381018235954 23.7047147786804 23.6713277337655 23.6379406888505 23.6045536439355 23.5711665990205 23.5377795541054 23.5043925091905 23.4710054642755 23.4376184193605 23.4042313744455 23.3708443295306 23.3374572846156 23.3040702397006 23.2706831947856 23.2372961498707 23.2039091049557 23.1705220600407 23.1371350151257 23.1037479702108 23.0703609252958 23.0369738803807 23.0035868354657 22.9721252915962 22.9425892487721 22.913053205948 22.8835171631239 22.8539811202998 22.8244450774757 22.7949090346516 22.7653729918275 22.7358369490034 22.7063009061793 22.6767648633552 22.6472288205311 22.6176927777069 22.5881567348828 22.5586206920587 22.5290846492346 22.4995486064105
23.8917998022788 23.8577856137956 23.8237714253125 23.7897572368294 23.7557430483462 23.7217288598631 23.6877146713799 23.6537004828968 23.6196862944136 23.5856721059305 23.5516579174473 23.5176437289642 23.4836295404809 23.4496153519978 23.4156011635146 23.3815869750315 23.3475727865483 23.3135585980652 23.279544409582 23.2455302210989 23.2115160326157 23.1775018441326 23.1434876556495 23.1094734671663 23.0754592786832 23.0414450902 23.0074309017169 22.9734167132336 22.9394025247504 22.9084393988866 22.8805273356419 22.8526152723973 22.8247032091526 22.796791145908 22.7688790826633 22.7409670194187 22.713054956174 22.6851428929294 22.6572308296847 22.6293187664401 22.6014067031955 22.5734946399507 22.545582576706 22.5176705134614 22.4897584502168 22.4618463869721
23.8451755114723 23.810534179421 23.7758928473697 23.7412515153184 23.706610183267 23.6719688512157 23.6373275191644 23.6026861871131 23.5680448550618 23.5334035230105 23.4987621909592 23.4641208589078 23.4294795268564 23.3948381948051 23.3601968627537 23.3255555307024 23.2909141986511 23.2562728665998 23.2216315345485 23.1869902024972 23.1523488704458 23.1177075383945 23.0830662063432 23.0484248742919 23.0137835422406 22.9791422101893 22.9445008781379 22.9098595460865 22.8752182140352 22.8447535061769 22.8184654225117 22.7921773388465 22.7658892551813 22.7396011715162 22.713313087851 22.6870250041858 22.6607369205206 22.6344488368554 22.6081607531902 22.581872669525 22.5555845858598 22.5292965021945 22.5030084185293 22.4767203348641 22.4504322511989 22.4241441675337
23.7985512206627 23.7632827450432 23.7280142694237 23.6927457938041 23.6574773181846 23.6222088425651 23.5869403669455 23.551671891326 23.5164034157065 23.481134940087 23.4458664644674 23.4105979888479 23.3753295132282 23.3400610376087 23.3047925619892 23.2695240863696 23.2342556107501 23.1989871351306 23.1637186595111 23.1284501838915 23.093181708272 23.0579132326525 23.0226447570329 22.9873762814134 22.9521078057939 22.9168393301744 22.8815708545548 22.8463023789351 22.8110339033156 22.7810676134631 22.7564035093774 22.7317394052918 22.7070753012062 22.6824111971205 22.6577470930349 22.6330829889493 22.6084188848636 22.583754780778 22.5590906766923 22.5344265726067 22.5097624685211 22.4850983644353 22.4604342603497 22.4357701562641 22.4111060521784 22.3864419480928
23.7519269298562 23.7160313106685 23.6801356914808 23.6442400722932 23.6083444531054 23.5724488339178 23.53655321473 23.5006575955424 23.4647619763547 23.4288663571669 23.3929707379793 23.3570751187916 23.3211794996037 23.285283880416 23.2493882612283 23.2134926420406 23.1775970228529 23.1417014036652 23.1058057844775 23.0699101652898 23.0340145461021 22.9981189269144 22.9622233077267 22.926327688539 22.8904320693513 22.8545364501636 22.8186408309759 22.7827452117881 22.7468495926004 22.7173817207534 22.6943415962473 22.6713014717411 22.6482613472349 22.6252212227287 22.6021810982225 22.5791409737163 22.5561008492102 22.533060724704 22.5100206001978 22.4869804756916 22.4639403511854 22.4409002266791 22.417860102173 22.3948199776668 22.3717798531606 22.3487397286544
23.7053026390498 23.6687798762939 23.632257113538 23.5957343507822 23.5592115880263 23.5226888252704 23.4861660625145 23.4496432997587 23.4131205370028 23.3765977742469 23.3400750114911 23.3035522487352 23.2670294859792 23.2305067232233 23.1939839604674 23.1574611977116 23.1209384349557 23.0844156721998 23.0478929094439 23.0113701466881 22.9748473839322 22.9383246211763 22.9018018584205 22.8652790956646 22.8287563329087 22.7922335701529 22.755710807397 22.719188044641 22.6826652818851 22.6536958280438 22.6322796831171 22.6108635381904 22.5894473932636 22.5680312483369 22.5466151034102 22.5251989584834 22.5037828135567 22.48236666863 22.4609505237032 22.4395343787765 22.4181182338498 22.3967020889229 22.3752859439962 22.3538697990695 22.3324536541427 22.311037509216
23.6586783482402 23.6215284419161 23.584378535592 23.5472286292679 23.5100787229439 23.4729288166198 23.4357789102957 23.3986290039716 23.3614790976475 23.3243291913234 23.2871792849994 23.2500293786753 23.212879472351 23.1757295660269 23.1385796597029 23.1014297533788 23.0642798470547 23.0271299407306 22.9899800344065 22.9528301280824 22.9156802217584 22.8785303154343 22.8413804091102 22.8042305027861 22.767080596462 22.7299306901379 22.6927807838139 22.6556308774896 22.6184809711655 22.5900099353299 22.5702177699828 22.5504256046356 22.5306334392884 22.5108412739413 22.4910491085941 22.4712569432469 22.4514647778997 22.4316726125526 22.4118804472054 22.3920882818582 22.372296116511 22.3525039511638 22.3327117858166 22.3129196204694 22.2931274551223 22.2733352897751
23.6120540574337 23.5742770075415 23.5364999576492 23.4987229077569 23.4609458578647 23.4231688079724 23.3853917580802 23.3476147081879 23.3098376582957 23.2720606084034 23.2342835585112 23.1965065086189 23.1587294587265 23.1209524088342 23.083175358942 23.0453983090497 23.0076212591575 22.9698442092652 22.932067159373 22.8942901094807 22.8565130595885 22.8187360096962 22.780958959804 22.7431819099117 22.7054048600194 22.6676278101272 22.6298507602349 22.5920737103425 22.5542966604503 22.5263240426203 22.5081558568526 22.4899876710849 22.4718194853172 22.4536512995494 22.4354831137817 22.417314928014 22.3991467422463 22.3809785564785 22.3628103707108 22.3446421849431 22.3264739991754 22.3083058134076 22.2901376276399 22.2719694418721 22.2538012561044 22.2356330703367
23.5654297666272 23.5270255731668 23.4886213797064 23.450217186246 23.4118129927855 23.3734087993251 23.3350046058647 23.2966004124043 23.2581962189438 23.2197920254834 23.181387832023 23.1429836385626 23.104579445102 23.0661752516415 23.0277710581811 22.9893668647207 22.9509626712603 22.9125584777998 22.8741542843394 22.835750090879 22.7973458974186 22.7589417039582 22.7205375104977 22.6821333170373 22.6437291235769 22.6053249301164 22.566920736656 22.5285165431954 22.490112349735 22.4626381499107 22.4460939437224 22.4295497375342 22.4130055313459 22.3964613251576 22.3799171189694 22.3633729127811 22.3468287065928 22.3302845004045 22.3137402942163 22.297196088028 22.2806518818397 22.2641076756514 22.2475634694631 22.2310192632748 22.2144750570866 22.1979308508983
23.5188054758176 23.479774138789 23.4407428017604 23.4017114647317 23.3626801277031 23.3236487906745 23.2846174536458 23.2455861166172 23.2065547795885 23.1675234425599 23.1284921055313 23.0894607685026 23.0504294314738 23.0113980944452 22.9723667574166 22.9333354203879 22.8943040833593 22.8552727463306 22.816241409302 22.7772100722734 22.7381787352447 22.6991473982161 22.6601160611875 22.6210847241588 22.5820533871302 22.5430220501015 22.5039907130729 22.4649593760441 22.4259280390155 22.3989522571968 22.3840320305881 22.3691118039794 22.3541915773707 22.339271350762 22.3243511241533 22.3094308975446 22.2945106709359 22.2795904443271 22.2646702177184 22.2497499911097 22.234829764501 22.2199095378922 22.2049893112835 22.1900690846748 22.1751488580661 22.1602286314574
23.4721811850112 23.4325227044144 23.3928642238175 23.3532057432207 23.3135472626239 23.2738887820271 23.2342303014303 23.1945718208335 23.1549133402367 23.1152548596399 23.0755963790431 23.0359378984463 22.9962794178493 22.9566209372525 22.9169624566557 22.8773039760589 22.8376454954621 22.7979870148653 22.7583285342685 22.7186700536716 22.6790115730748 22.639353092478 22.5996946118812 22.5600361312844 22.5203776506876 22.4807191700908 22.441060689494 22.401402208897 22.3617437283002 22.3352663644872 22.321970117458 22.3086738704287 22.2953776233994 22.2820813763702 22.2687851293409 22.2554888823117 22.2421926352824 22.2288963882531 22.2156001412239 22.2023038941946 22.1890076471653 22.175711400136 22.1624151531068 22.1491189060775 22.1358226590483 22.122526412019
23.4255568942016 23.3852712700366 23.3449856458715 23.3047000217065 23.2644143975415 23.2241287733765 23.1838431492114 23.1435575250464 23.1032719008814 23.0629862767164 23.0227006525514 22.9824150283863 22.9421294042212 22.9018437800561 22.8615581558911 22.8212725317261 22.7809869075611 22.740701283396 22.700415659231 22.660130035066 22.619844410901 22.579558786736 22.5392731625709 22.4989875384059 22.4587019142409 22.4184162900759 22.3781306659109 22.3378450417457 22.2975594175807 22.2715804717733 22.2599082043236 22.2482359368739 22.2365636694242 22.2248914019745 22.2132191345248 22.2015468670751 22.1898745996254 22.1782023321757 22.166530064726 22.1548577972763 22.1431855298266 22.1315132623769 22.1198409949272 22.1081687274775 22.0964964600278 22.0848241925781
23.3789326033951 23.3380198356619 23.2971070679287 23.2561943001955 23.2152815324623 23.1743687647291 23.1334559969959 23.0925432292628 23.0516304615296 23.0107176937964 22.9698049260632 22.92889215833 22.8879793905966 22.8470666228634 22.8061538551302 22.7652410873971 22.7243283196639 22.6834155519307 22.6425027841975 22.6015900164643 22.5606772487311 22.5197644809979 22.4788517132647 22.4379389455315 22.3970261777983 22.3561134100651 22.3152006423319 22.2742878745986 22.2333751068654 22.2078945790637 22.1978462911935 22.1877980033232 22.177749715453 22.1677014275827 22.1576531397125 22.1476048518422 22.137556563972 22.1275082761017 22.1174599882315 22.1074117003612 22.097363412491 22.0873151246207 22.0772668367504 22.0672185488802 22.0571702610099 22.0471219731397
23.3323083125886 23.2907684012873 23.2492284899859 23.2076885786845 23.1661486673832 23.1246087560818 23.0830688447804 23.0415289334791 22.9999890221777 22.9584491108764 22.916909199575 22.8753692882736 22.8338293769721 22.7922894656707 22.7507495543694 22.709209643068 22.6676697317666 22.6261298204653 22.5845899091639 22.5430499978626 22.5015100865612 22.4599701752598 22.4184302639585 22.3768903526571 22.3353504413557 22.2938105300544 22.252270618753 22.2107307074515 22.1691907961501 22.1442086863541 22.1357843780633 22.1273600697725 22.1189357614817 22.1105114531909 22.1020871449001 22.0936628366093 22.0852385283185 22.0768142200277 22.0683899117369 22.0599656034461 22.0515412951553 22.0431169868645 22.0346926785737 22.0262683702829 22.0178440619921 22.0094197537013
23.285684021779 23.2435169669095 23.2013499120399 23.1591828571703 23.1170158023007 23.0748487474312 23.0326816925616 22.990514637692 22.9483475828224 22.9061805279529 22.8640134730833 22.8218464182137 22.779679363344 22.7375123084744 22.6953452536048 22.6531781987352 22.6110111438657 22.5688440889961 22.5266770341265 22.4845099792569 22.4423429243874 22.4001758695178 22.3580088146482 22.3158417597786 22.273674704909 22.2315076500395 22.1893405951699 22.1471735403001 22.1050064854306 22.0805227936402 22.073722464929 22.0669221362178 22.0601218075065 22.0533214787953 22.046521150084 22.0397208213728 22.0329204926616 22.0261201639503 22.0193198352391 22.0125195065278 22.0057191778166 21.9989188491053 21.9921185203941 21.9853181916829 21.9785178629716 21.9717175342604
23.2390597309726 23.1962655325348 23.1534713340971 23.1106771356593 23.0678829372216 23.0250887387838 22.9822945403461 22.9395003419083 22.8967061434706 22.8539119450328 22.8111177465951 22.7683235481574 22.7255293497194 22.6827351512817 22.6399409528439 22.5971467544062 22.5543525559684 22.5115583575307 22.4687641590929 22.4259699606552 22.3831757622175 22.3403815637797 22.297587365342 22.2547931669042 22.2119989684665 22.1692047700287 22.126410571591 22.0836163731531 22.0408221747153 22.0168369009306 22.0116605517988 22.006484202667 22.0013078535352 21.9961315044035 21.9909551552717 21.9857788061399 21.9806024570081 21.9754261078763 21.9702497587445 21.9650734096127 21.9598970604809 21.9547207113491 21.9495443622173 21.9443680130856 21.9391916639538 21.934015314822
23.1924354401661 23.1490140981602 23.1055927561543 23.0621714141483 23.0187500721424 22.9753287301365 22.9319073881306 22.8884860461247 22.8450647041187 22.8016433621128 22.7582220201069 22.714800678101 22.6713793360949 22.627957994089 22.5845366520831 22.5411153100771 22.4976939680712 22.4542726260653 22.4108512840594 22.3674299420535 22.3240086000476 22.2805872580416 22.2371659160357 22.1937445740298 22.1503232320239 22.106901890018 22.0634805480121 22.020059206006 21.976637864 21.953151008221 21.9495986386687 21.9460462691163 21.942493899564 21.9389415300116 21.9353891604593 21.931836790907 21.9282844213546 21.9247320518023 21.92117968225 21.9176273126976 21.9140749431453 21.9105225735929 21.9069702040406 21.9034178344883 21.8998654649359 21.8963130953836
23.1458111493565 23.1017626637824 23.0577141782082 23.0136656926341 22.96961720706 22.9255687214858 22.8815202359117 22.8374717503376 22.7934232647635 22.7493747791893 22.7053262936152 22.6612778080411 22.6172293224668 22.5731808368926 22.5291323513185 22.4850838657444 22.4410353801702 22.3969868945961 22.352938409022 22.3088899234478 22.2648414378737 22.2207929522996 22.1767444667255 22.1326959811513 22.0886474955772 22.0445990100031 22.0005505244289 21.9565020388546 21.9124535532805 21.8894651155071 21.8875367255343 21.8856083355616 21.8836799455888 21.881751555616 21.8798231656432 21.8778947756705 21.8759663856977 21.8740379957249 21.8721096057521 21.8701812157793 21.8682528258066 21.8663244358338 21.864396045861 21.8624676558882 21.8605392659154 21.8586108759427
