models/lame/data_carto/DTMBanyulsEPSG2154/degrad_slope4326.asc
NCOLS 350 
NROWS 300 
XLLCORNER 3.087629528 
YLLCORNER 42.4486405017778 
CELLSIZE 0.000106523666666666 
NODATA_value -9999 
[rows 20 to 39 of 300, columns 276 to 321 of 350]
12.9858296390717 12.8632140771744 12.7405985152775 12.6179829533807 12.4953673914838 12.372751829587 12.2501362676901 12.1275207057933 12.0049051438964 11.8822895819996 11.7596740201027 11.6370584582059 11.514442896309 11.3918273344122 11.2692117725153 11.1465962106185 11.0239806487211 10.9013650868243 10.7787495249274 10.6561339630306 10.5335184011337 10.4109028392369 10.28828727734 10.1656717154432 10.0430561535463 9.92044059164946 9.79782502975261 9.67520946785576 9.55259390595891 9.42997834406206 9.3073627821647 9.18474722026785 9.062131658371 8.93951609647415 8.8169005345773 8.69428497268045 8.5716694107836 8.44905384888675 8.3264382869899 8.20382272509305 8.0812071631962 7.95859160129935 7.8359760394025 7.71336047750565 7.59074491560879 7.46812935371143
13.0229451216764 12.9019798039044 12.781014486133 12.6600491683616 12.5390838505901 12.4181185328187 12.2971532150473 12.1761878972758 12.0552225795044 11.934257261733 11.8132919439616 11.6923266261901 11.5713613084187 11.4503959906473 11.3294306728758 11.2084653551044 11.0875000373325 10.9665347195611 10.8455694017896 10.7246040840182 10.6036387662468 10.4826734484753 10.3617081307039 10.2407428129325 10.1197774951611 9.99881217738963 9.8778468596182 9.75688154184677 9.63591622407534 9.51495090630392 9.39398558853198 9.27302027076055 9.15205495298913 9.0310896352177 8.91012431744627 8.78915899967484 8.66819368190341 8.54722836413198 8.42626304636055 8.30529772858912 8.1843324108177 8.06336709304627 7.94240177527484 7.82143645750341 7.70047113973198 7.57950582196005
13.0600606042834 12.940745530637 12.8214304569912 12.7021153833453 12.5828003096994 12.4634852360535 12.3441701624076 12.2248550887617 12.1055400151158 11.9862249414699 11.866909867824 11.7475947941781 11.6282797205322 11.5089646468863 11.3896495732404 11.2703344995945 11.1510194259481 11.0317043523022 10.9123892786563 10.7930742050104 10.6737591313645 10.5544440577186 10.4351289840727 10.3158139104268 10.1964988367809 10.077183763135 9.95786868948913 9.83855361584323 9.71923854219734 9.59992346855144 9.48060839490505 9.36129332125915 9.24197824761325 9.12266317396736 9.00334810032146 8.88403302667556 8.76471795302967 8.64540287938377 8.52608780573787 8.40677273209197 8.28745765844608 8.16814258480018 8.04882751115428 7.92951243750839 7.81019736386249 7.6908822902161
13.097176086888 12.9795112573671 12.8618464278466 12.7441815983261 12.6265167688057 12.5088519392852 12.3911871097647 12.2735222802442 12.1558574507238 12.0381926212033 11.9205277916828 11.8028629621623 11.6851981326419 11.5675333031214 11.4498684736009 11.3322036440804 11.2145388145595 11.096873985039 10.9792091555185 10.861544325998 10.7438794964776 10.6262146669571 10.5085498374366 10.3908850079161 10.2732201783957 10.1555553488752 10.0378905193547 9.92022568983424 9.80256086031377 9.68489603079329 9.56723120127233 9.44956637175185 9.33190154223138 9.2142367127109 9.09657188319043 8.97890705366995 8.86124222414948 8.743577394629 8.62591256510853 8.50824773558805 8.39058290606758 8.2729180765471 8.15525324702663 8.03758841750615 7.91992358798568 7.80225875846471
13.1342915694927 13.0182769840971 12.9022623987021 12.786247813307 12.670233227912 12.5542186425169 12.4382040571219 12.3221894717268 12.2061748863317 12.0901603009367 11.9741457155416 11.8581311301466 11.7421165447515 11.6261019593565 11.5100873739614 11.3940727885664 11.2780582031708 11.1620436177758 11.0460290323807 10.9300144469857 10.8139998615906 10.6979852761956 10.5819706908005 10.4659561054055 10.3499415200104 10.2339269346154 10.1179123492203 10.0018977638253 9.8858831784302 9.76986859303515 9.65385400763961 9.53783942224456 9.4218248368495 9.30581025145445 9.1897956660594 9.07378108066434 8.95776649526929 8.84175190987424 8.72573732447918 8.60972273908413 8.49370815368908 8.37769356829402 8.26167898289897 8.14566439750392 8.02964981210886 7.91363522671333
13.1714070520997 13.0570427108297 12.9426783695602 12.8283140282907 12.7139496870212 12.5995853457517 12.4852210044821 12.3708566632126 12.2564923219431 12.1421279806736 12.0277636394041 11.9133992981345 11.799034956865 11.6846706155955 11.570306274326 11.4559419330564 11.3415775917865 11.2272132505169 11.1128489092474 10.9984845679779 10.8841202267084 10.7697558854388 10.6553915441693 10.5410272028998 10.4266628616303 10.3122985203608 10.1979341790912 10.0835698378217 9.96920549655219 9.85484115528267 9.74047681401267 9.62611247274315 9.51174813147363 9.39738379020411 9.28301944893459 9.16865510766507 9.05429076639555 8.93992642512602 8.8255620838565 8.71119774258698 8.59683340131746 8.48246906004794 8.36810471877842 8.25374037750889 8.13937603623937 8.02501169496938
13.2085225347044 13.0958084375598 12.9830943404157 12.8703802432716 12.7576661461275 12.6449520489834 12.5322379518393 12.4195238546952 12.3068097575511 12.194095660407 12.0813815632629 11.9686674661188 11.8559533689747 11.7432392718306 11.6305251746865 11.5178110775424 11.4050969803978 11.2923828832537 11.1796687861096 11.0669546889655 10.9542405918214 10.8415264946773 10.7288123975332 10.6160983003891 10.503384203245 10.3906701061009 10.2779560089568 10.1652419118127 10.0525278146686 9.93981371752452 9.82709962037995 9.71438552323585 9.60167142609176 9.48895732894766 9.37624323180356 9.26352913465946 9.15081503751536 9.03810094037126 8.92538684322716 8.81267274608306 8.69995864893896 8.58724455179486 8.47453045465076 8.36181635750666 8.24910226036256 8.13638816321799
13.245638017309 13.1345741642898 13.0235103112711 12.9124464582525 12.8013826052338 12.6903187522151 12.5792548991964 12.4681910461778 12.3571271931591 12.2460633401404 12.1349994871217 12.023935634103 11.9128717810844 11.8018079280657 11.690744075047 11.5796802220283 11.4686163690092 11.3575525159905 11.2464886629718 11.1354248099532 11.0243609569345 10.9132971039158 10.8022332508971 10.6911693978784 10.5801055448598 10.4690416918411 10.3579778388224 10.2469139858037 10.1358501327851 10.0247862797664 9.91372242674724 9.80265857372856 9.69159472070988 9.5805308676912 9.46946701467252 9.35840316165385 9.24733930863517 9.13627545561649 9.02521160259781 8.91414774957913 8.80308389656046 8.69202004354178 8.5809561905231 8.46989233750442 8.35882848448574 8.24776463146661
13.282753499916 13.1733398910224 13.0639262821293 12.9545126732362 12.845099064343 12.7356854554499 12.6262718465567 12.5168582376636 12.4074446287704 12.2980310198773 12.1886174109841 12.079203802091 11.9697901931978 11.8603765843047 11.7509629754115 11.6415493665184 11.5321357576248 11.4227221487317 11.3133085398385 11.2038949309454 11.0944813220522 10.9850677131591 10.8756541042659 10.7662404953728 10.6568268864796 10.5474132775865 10.4379996686933 10.3285860598002 10.219172450907 10.1097588420139 10.0003452331203 9.89093162422715 9.78151801533401 9.67210440644086 9.56269079754772 9.45327718865457 9.34386357976142 9.23444997086828 9.12503636197513 9.01562275308198 8.90620914418884 8.79679553529569 8.68738192640255 8.5779683175094 8.46855470861625 8.35914109972265
13.3198689825207 13.2121056177525 13.1043422529848 12.996578888217 12.8888155234493 12.7810521586816 12.6732887939139 12.5655254291461 12.4577620643784 12.3499986996107 12.242235334843 12.1344719700752 12.0267086053075 11.9189452405398 11.8111818757721 11.7034185110043 11.5956551462362 11.4878917814684 11.3801284167007 11.272365051933 11.1646016871653 11.0568383223975 10.9490749576298 10.8413115928621 10.7335482280944 10.6257848633267 10.5180214985589 10.4102581337912 10.3024947690235 10.1947314042558 10.0869680394876 9.97920467471986 9.87144130995213 9.76367794518441 9.65591458041668 9.54815121564896 9.44038785088124 9.33262448611351 9.22486112134579 9.11709775657806 9.00933439181034 8.90157102704261 8.79380766227489 8.68604429750717 8.57828093273944 8.47051756797127
13.3569844651253 13.2508713444825 13.1447582238402 13.0386451031979 12.9325319825556 12.8264188619133 12.720305741271 12.6141926206287 12.5080794999864 12.4019663793441 12.2958532587018 12.1897401380595 12.0836270174172 11.9775138967749 11.8714007761326 11.7652876554903 11.6591745348475 11.5530614142052 11.4469482935629 11.3408351729206 11.2347220522783 11.128608931636 11.0224958109937 10.9163826903514 10.8102695697091 10.7041564490668 10.5980433284245 10.4919302077822 10.3858170871399 10.2797039664976 10.1735908458549 10.0674777252126 9.96136460457026 9.85525148392795 9.74913836328565 9.64302524264335 9.53691212200105 9.43079900135875 9.32468588071644 9.21857276007414 9.11245963943184 9.00634651878953 8.90023339814723 8.79412027750493 8.68800715686263 8.58189403621988
13.3940999477324 13.2896370712151 13.1851741946984 13.0807113181816 12.9762484416648 12.8717855651481 12.7673226886313 12.6628598121145 12.5583969355978 12.453934059081 12.3494711825642 12.2450083060474 12.1405454295307 12.0360825530139 11.9316196764971 11.8271567999804 11.7226939234632 11.6182310469464 11.5137681704296 11.4093052939128 11.3048424173961 11.2003795408793 11.0959166643625 10.9914537878458 10.886990911329 10.7825280348122 10.6780651582954 10.5736022817787 10.4691394052619 10.3646765287451 10.2602136522279 10.1557507757112 10.0512878991944 9.94682502267761 9.84236214616084 9.73789926964407 9.6334363931273 9.52897351661053 9.42451064009376 9.32004776357699 9.21558488706022 9.11112201054345 9.00665913402668 8.90219625750991 8.79773338099314 8.69327050447593
13.431215430337 13.3284027979452 13.2255901655538 13.1227775331625 13.0199649007711 12.9171522683798 12.8143396359884 12.7115270035971 12.6087143712057 12.5059017388144 12.403089106423 12.3002764740317 12.1974638416403 12.094651209249 11.9918385768576 11.8890259444663 11.7862133120745 11.6834006796832 11.5805880472918 11.4777754149005 11.3749627825091 11.2721501501178 11.1693375177264 11.0665248853351 10.9637122529437 10.8608996205524 10.758086988161 10.6552743557697 10.5524617233783 10.449649090987 10.3468364585952 10.2440238262039 10.1412111938125 10.0383985614212 9.93558592902981 9.83277329663846 9.72996066424712 9.62714803185577 9.52433539946442 9.42152276707307 9.31871013468172 9.21589750229037 9.11308486989902 9.01027223750767 8.90745960511632 8.80464697272455
13.468330912944 13.3671685246778 13.266006136412 13.1648437481462 13.0636813598804 12.9625189716145 12.8613565833487 12.7601941950829 12.6590318068171 12.5578694185513 12.4567070302855 12.3555446420196 12.2543822537538 12.153219865488 12.0520574772222 11.9508950889564 11.8497327006901 11.7485703124243 11.6474079241585 11.5462455358927 11.4450831476269 11.343920759361 11.2427583710952 11.1415959828294 11.0404335945636 10.9392712062978 10.838108818032 10.7369464297661 10.6357840415003 10.5346216532345 10.4334592649683 10.3322968767025 10.2311344884366 10.1299721001708 10.028809711905 9.92764732363919 9.82648493537337 9.72532254710755 9.62416015884174 9.52299777057592 9.4218353823101 9.32067299404428 9.21951060577847 9.11834821751265 9.01718582924683 8.9160234409806
13.5054463955487 13.4059342514078 13.3064221072675 13.2069099631271 13.1073978189867 13.0078856748463 12.9083735307059 12.8088613865655 12.7093492424251 12.6098370982847 12.5103249541443 12.4108128100039 12.3113006658635 12.2117885217231 12.1122763775827 12.0127642334423 11.9132520893015 11.8137399451611 11.7142278010207 11.6147156568803 11.5152035127399 11.4156913685995 11.3161792244591 11.2166670803187 11.1171549361783 11.0176427920379 10.9181306478975 10.8186185037572 10.7191063596168 10.6195942154764 10.5200820713356 10.4205699271952 10.3210577830548 10.2215456389144 10.122033494774 10.0225213506336 9.92300920649318 9.82349706235279 9.72398491821239 9.624472774072 9.5249606299316 9.4254484857912 9.32593634165081 9.22642419751041 9.12691205337002 9.02739990922921
13.5425618781533 13.4446999781379 13.3468380781229 13.2489761781079 13.151114278093 13.053252378078 12.955390478063 12.857528578048 12.7596666780331 12.6618047780181 12.5639428780031 12.4660809779881 12.3682190779732 12.2703571779582 12.1724952779432 12.0746333779283 11.9767714779129 11.8789095778979 11.7810476778829 11.683185777868 11.585323877853 11.487461977838 11.389600077823 11.2917381778081 11.1938762777931 11.0960143777781 10.9981524777631 10.9002905777482 10.8024286777332 10.7045667777182 10.6067048777028 10.5088429776879 10.4109810776729 10.3131191776579 10.2152572776429 10.117395377628 10.019533477613 9.92167157759802 9.82380967758305 9.72594777756807 9.6280858775531 9.53022397753812 9.43236207752315 9.33450017750818 9.23663827749321 9.13877637747782
13.5796773607604 13.4834657048705 13.3872540489811 13.2910423930916 13.1948307372022 13.0986190813127 13.0024074254233 12.9061957695339 12.8099841136444 12.713772457755 12.6175608018655 12.5213491459761 12.4251374900867 12.3289258341972 12.2327141783078 12.1365025224183 12.0402908665285 11.944079210639 11.8478675547496 11.7516558988602 11.6554442429707 11.5592325870813 11.4630209311918 11.3668092753024 11.2705976194129 11.1743859635235 11.0781743076341 10.9819626517446 10.8857509958552 10.7895393399657 10.6933276840759 10.5971160281865 10.500904372297 10.4046927164076 10.3084810605181 10.2122694046287 10.1160577487392 10.0198460928498 9.92363443696037 9.82742278107092 9.73121112518148 9.63499946929204 9.5387878134026 9.44257615751316 9.34636450162371 9.25015284573387
13.616792843365 13.5222314316005 13.4276700198365 13.3331086080725 13.2385471963085 13.1439857845445 13.0494243727804 12.9548629610164 12.8603015492524 12.7657401374884 12.6711787257244 12.5766173139603 12.4820559021963 12.3874944904323 12.2929330786683 12.1983716669043 12.1038102551399 12.0092488433758 11.9146874316118 11.8201260198478 11.7255646080838 11.6310031963198 11.5364417845557 11.4418803727917 11.3473189610277 11.2527575492637 11.1581961374997 11.0636347257356 10.9690733139716 10.8745119022076 10.7799504904432 10.6853890786792 10.5908276669151 10.4962662551511 10.4017048433871 10.3071434316231 10.2125820198591 10.118020608095 10.023459196331 9.928897784567 9.83433637280298 9.73977496103896 9.64521354927494 9.55065213751092 9.4560907257469 9.36152931398249
13.6539083259696 13.5609971583306 13.468085990692 13.3751748230534 13.2822636554148 13.1893524877762 13.0964413201376 13.003530152499 12.9106189848604 12.8177078172218 12.7247966495832 12.6318854819446 12.538974314306 12.4460631466674 12.3531519790288 12.2602408113902 12.1673296437512 12.0744184761126 11.981507308474 11.8885961408354 11.7956849731968 11.7027738055582 11.6098626379196 11.516951470281 11.4240403026424 11.3311291350038 11.2382179673652 11.1453067997266 11.052395632088 10.9594844644494 10.8665732968105 10.7736621291719 10.6807509615333 10.5878397938947 10.4949286262561 10.4020174586175 10.3091062909789 10.2161951233403 10.1232839557017 10.0303727880631 9.93746162042448 9.84455045278588 9.75163928514728 9.65872811750869 9.56581694987009 9.4729057822311
13.6910238085767 13.5997628850632 13.5085019615501 13.4172410380371 13.325980114524 13.2347191910109 13.1434582674979 13.0521973439848 12.9609364204717 12.8696754969587 12.7784145734456 12.6871536499325 12.5958927264195 12.5046318029064 12.4133708793933 12.3221099558803 12.2308490323668 12.1395881088538 12.0483271853407 11.9570662618276 11.8658053383146 11.7745444148015 11.6832834912884 11.5920225677754 11.5007616442623 11.4095007207492 11.3182397972362 11.2269788737231 11.13571795021 11.044457026697 10.9531961031835 10.8619351796705 10.7706742561574 10.6794133326443 10.5881524091313 10.4968914856182 10.4056305621051 10.3143696385921 10.223108715079 10.1318477915659 10.0405868680529 9.9493259445398 9.85806502102673 9.76680409751366 9.6755431740006 9.58428225048715
