models/lame/data_carto/DTMBanyulsEPSG2154/small_slope_2_wgs84.asc
ncols        320
nrows        320
xllcorner    3.087906007412
yllcorner    42.451833343014
dx           0.000114985044
dy           0.000114985044
[rows 188 to 234 of 320, columns 0 to 95 of 320]
96 107 118 118 123 123 127 133 127 126 138 138 139 132 150 166 153 140 124 75 75 40 21 0 0 1 0 0 0 0 6 11 14 17 40 93 137 137 150 145 132 123 129 137 142 142 139 122 115 107 110 121 123 129 129 139 171 191 194 195 198 203 203 219 204 169 157 154 147 140 116 116 0 8 0 45 80 99 118 118 151 167 160 172 188 177 161 167 167 171 122 141 187 178 182 179
66 78 96 96 112 116 118 123 117 115 129 129 138 132 139 153 157 160 141 82 82 39 18 0 0 8 1 3 3 5 2 7 13 20 44 92 130 130 138 133 132 132 137 141 142 142 134 121 117 120 115 106 106 117 117 135 153 164 172 180 186 194 194 208 189 157 144 127 118 113 109 109 27 30 42 62 94 121 135 135 161 187 190 192 184 160 154 170 170 148 113 147 178 182 169 126
73 47 15 15 53 89 99 112 116 122 136 136 148 152 159 165 170 172 148 81 81 31 12 0 10 23 6 11 11 16 14 15 16 13 41 86 106 106 108 115 128 138 145 144 143 143 142 138 131 143 158 139 108 103 103 107 129 149 159 167 173 184 184 186 162 141 121 92 76 66 59 59 23 12 26 66 102 136 148 148 176 201 203 189 162 166 184 184 184 130 122 142 121 78 115 165
112 65 19 19 25 76 90 107 120 136 149 149 153 161 169 173 172 169 145 78 78 27 9 0 14 29 7 15 15 21 20 29 28 8 34 82 97 97 99 109 127 143 152 150 148 148 153 157 148 149 160 149 130 135 135 128 136 151 157 166 171 176 176 172 149 128 104 77 59 47 44 44 17 22 57 97 136 173 170 170 174 184 186 183 161 161 165 158 158 114 90 86 79 111 149 156
129 99 72 72 11 47 67 87 128 146 146 146 154 164 169 174 175 172 146 75 75 21 5 0 19 32 1 17 17 25 40 58 41 27 41 68 80 80 85 94 113 132 143 139 136 136 145 159 157 153 157 153 152 163 163 148 145 152 155 162 167 169 169 163 142 116 92 68 49 36 24 24 27 66 109 134 164 194 192 192 192 182 162 167 164 161 159 142 142 111 93 87 114 135 135 128
170 160 145 145 112 90 93 115 158 133 118 118 148 163 168 175 180 178 150 75 75 18 3 0 22 27 0 27 27 42 84 95 68 65 66 59 67 67 73 78 102 123 139 136 137 137 151 163 163 158 158 162 169 173 173 155 150 152 153 160 164 166 166 159 136 110 94 75 51 23 0 0 61 103 135 152 173 198 202 202 207 196 163 156 160 158 156 123 123 107 102 103 131 141 135 127
190 186 176 176 160 140 129 152 140 85 87 87 141 163 168 176 183 182 153 75 75 17 3 0 17 18 0 40 40 83 136 117 87 83 70 51 58 58 64 71 104 127 144 145 152 152 164 166 161 160 162 167 172 172 172 160 161 157 158 163 165 163 163 152 126 102 95 75 39 8 8 8 64 87 113 136 162 185 186 186 173 141 124 140 145 138 128 93 93 122 135 134 144 144 139 135
219 209 190 190 176 169 163 178 117 80 87 87 138 170 174 177 180 178 151 74 74 12 2 0 12 15 22 62 62 138 165 111 91 94 87 71 67 67 62 65 105 130 145 150 160 160 165 160 157 161 164 168 172 172 172 166 166 159 161 165 157 143 143 137 117 94 88 58 37 31 26 26 57 70 101 127 139 153 155 140 140 108 87 97 103 102 98 74 74 119 143 134 127 128 133 146
243 240 222 222 201 188 177 172 115 108 115 115 152 183 182 175 171 166 141 66 66 6 4 7 15 26 39 94 94 181 162 96 93 102 103 91 74 74 53 52 104 129 142 150 163 163 166 160 161 166 168 170 172 172 172 170 167 163 168 163 136 118 118 136 122 89 80 48 48 55 55 55 73 78 108 138 144 146 144 129 129 110 102 99 96 94 92 67 67 81 108 115 126 140 156 178
239 251 248 248 232 214 194 173 131 130 144 144 172 182 171 164 158 151 125 53 53 0 0 0 3 11 37 138 138 202 147 97 100 102 104 93 58 58 27 38 102 125 134 146 164 164 166 163 165 167 167 168 168 169 169 168 167 166 167 154 120 113 113 151 135 91 74 47 51 63 72 72 84 84 113 144 150 150 147 133 133 119 113 107 101 98 94 68 68 66 79 111 158 183 196 204
233 248 245 245 234 222 202 183 159 162 173 173 177 158 148 153 148 134 105 41 41 0 0 0 0 3 79 193 193 199 128 104 106 100 97 95 67 67 30 32 101 118 121 137 162 162 164 166 169 173 175 173 172 174 174 173 173 170 165 154 127 126 126 164 144 98 84 68 72 81 93 93 102 95 117 149 159 158 154 145 145 138 133 123 116 109 101 81 81 66 69 107 148 163 180 180
214 226 219 219 206 189 166 156 161 161 156 156 141 123 134 151 140 117 87 33 33 0 0 0 0 48 163 222 222 172 116 105 101 90 97 95 67 67 30 32 101 118 121 137 162 162 164 166 169 173 175 173 172 174 174 173 173 170 165 154 127 126 126 164 144 98 84 68 72 81 93 93 102 95 117 149 159 158 154 145 145 138 133 123 116 109 101 81 81 66 69 107 148 163 180 180
214 226 219 219 206 189 166 156 161 161 156 156 141 123 134 151 140 117 87 33 33 0 0 0 0 48 163 222 222 172 116 105 101 90 91 101 92 92 64 37 96 103 105 126 155 155 160 166 171 177 183 180 180 182 182 181 181 175 168 163 150 148 148 176 151 107 96 88 93 100 114 114 124 115 123 150 166 165 162 157 157 153 147 135 126 116 107 88 88 46 39 77 111 108 117 120
125 160 179 179 189 183 171 174 172 157 142 142 130 129 146 155 132 101 71 26 26 0 0 4 37 141 222 210 210 148 119 109 96 77 82 101 108 108 100 70 78 79 90 115 145 145 151 160 170 177 184 183 186 189 189 190 193 189 179 170 170 180 180 195 152 101 94 89 99 107 124 124 140 136 137 152 169 168 163 159 159 154 148 140 133 121 109 98 98 67 37 73 99 111 119 98
49 96 141 141 183 201 203 205 189 169 151 151 148 152 153 136 98 71 53 19 19 2 0 0 135 212 223 185 185 149 130 110 93 73 75 90 102 102 109 88 40 55 80 105 134 134 140 155 168 176 181 181 189 193 193 197 205 209 201 185 188 205 205 210 159 114 112 96 105 109 123 123 145 144 147 157 170 171 166 160 160 153 150 146 141 125 113 115 115 124 93 104 102 107 129 107
0 41 79 79 121 149 156 161 146 131 123 123 137 139 118 78 52 51 42 9 9 0 0 34 206 226 209 183 183 159 134 116 106 91 90 95 100 100 104 79 33 59 73 87 113 113 116 142 167 172 175 175 181 189 189 197 205 218 219 210 215 224 224 221 180 151 143 105 104 103 113 113 135 139 146 153 163 170 171 164 164 154 151 146 140 125 120 125 125 143 132 120 93 90 119 116
18 16 17 17 35 67 89 94 78 93 119 119 131 105 65 40 43 45 28 0 0 38 110 198 255 255 251 220 220 184 156 146 133 108 97 89 80 80 74 69 124 132 117 105 97 97 96 128 156 159 159 152 149 161 161 172 182 195 201 204 220 240 239 239 219 209 176 120 94 78 89 89 99 119 142 147 154 168 176 168 168 157 151 142 133 126 127 127 127 141 134 109 83 78 106 122
38 26 6 6 13 40 59 57 61 83 100 100 88 56 35 23 30 25 3 54 54 138 220 255 255 255 240 203 203 178 164 155 136 113 99 90 82 82 66 90 152 130 102 81 54 54 85 135 156 163 160 142 136 155 155 169 183 191 196 206 227 255 255 255 248 234 169 118 93 94 100 100 85 85 113 116 123 141 147 132 132 126 119 110 107 110 117 125 125 149 142 111 98 102 127 137
117 94 76 76 65 46 1 0 7 11 1 1 9 17 5 0 33 116 189 213 213 221 247 255 208 192 169 157 157 154 153 146 134 138 137 135 133 133 112 114 92 103 117 113 97 97 79 99 133 156 151 137 134 149 149 157 177 192 200 209 230 255 255 255 255 245 181 101 36 79 99 99 169 182 178 172 174 188 175 150 150 144 128 118 109 105 107 110 110 122 132 114 115 104 81 68
143 117 102 102 103 80 47 25 10 2 0 0 18 18 20 62 153 219 231 215 215 219 250 255 205 186 166 158 158 157 155 144 141 149 147 139 133 133 112 105 88 110 135 146 146 146 135 126 135 151 131 126 139 145 145 147 175 190 198 211 230 255 255 255 255 250 229 168 36 43 69 69 143 170 176 178 177 181 169 151 151 145 136 129 120 118 119 113 113 120 128 114 119 116 101 77
160 131 125 125 137 126 90 59 10 0 10 10 20 23 58 143 218 234 224 215 215 228 255 254 200 181 165 159 159 158 155 146 151 159 155 141 131 131 112 99 80 131 169 189 204 204 202 189 183 165 101 99 135 136 136 141 174 183 193 212 229 255 255 255 247 243 242 215 111 22 13 13 87 135 168 181 183 177 169 161 161 163 165 161 146 144 142 126 126 128 131 117 117 114 107 93
171 137 115 115 113 96 69 67 6 2 27 27 42 69 122 182 223 223 211 210 210 227 250 245 189 174 166 163 163 162 158 148 152 161 159 144 134 134 114 89 104 180 189 179 195 195 210 207 182 126 55 68 122 130 130 141 168 172 186 211 225 250 251 251 235 237 237 225 156 83 63 63 58 112 151 169 183 180 176 175 175 181 184 178 156 146 140 128 128 133 133 114 110 98 85 80
146 123 107 107 126 124 86 55 4 22 59 59 83 124 165 196 223 219 194 194 194 218 234 228 181 175 169 167 167 165 160 149 152 165 166 154 145 145 125 102 138 184 134 86 104 104 142 167 157 124 100 79 98 124 124 142 160 162 181 206 212 232 239 239 229 230 230 221 175 134 108 108 42 89 137 157 174 179 178 173 173 172 179 183 163 149 147 140 140 139 136 113 103 88 73 69
156 167 175 175 162 106 45 25 9 40 84 84 111 155 186 210 231 226 205 195 195 204 215 215 184 180 170 166 166 165 160 150 157 171 173 162 153 153 137 122 128 130 60 36 67 67 93 113 137 153 160 144 102 108 108 137 154 155 173 193 194 215 230 230 225 224 222 216 197 185 151 151 20 79 139 157 171 182 190 182 182 164 165 181 177 171 175 172 172 155 145 119 117 118 112 101
193 207 185 185 115 38 14 14 33 61 114 114 156 196 216 230 243 243 227 207 207 203 214 221 199 190 175 166 166 162 158 151 164 174 174 165 158 158 145 132 106 84 49 67 93 93 101 106 124 156 172 172 149 113 113 125 150 147 157 174 178 199 218 218 219 217 213 209 204 211 178 178 45 73 129 149 169 187 199 199 199 177 166 178 189 190 188 187 187 181 160 127 130 138 132 111
208 203 143 143 41 0 7 16 54 97 167 167 220 239 239 242 244 243 225 206 206 206 224 235 211 199 185 176 176 169 160 152 167 174 174 169 166 166 157 147 116 90 71 94 106 106 112 131 137 149 166 176 180 162 162 134 143 130 134 157 164 183 203 203 207 204 198 196 208 223 191 191 82 37 91 126 162 182 193 200 200 186 182 190 194 188 178 177 177 181 160 127 130 138 132 111
202 185 99 99 3 0 8 25 63 131 204 204 245 239 223 227 232 234 214 193 193 203 232 244 212 197 179 176 176 169 160 152 167 174 174 169 166 166 157 147 116 90 71 94 106 112 112 131 137 149 166 176 180 162 162 134 143 130 134 157 164 183 203 203 207 204 198 196 208 223 191 191 82 37 91 126 162 182 193 200 200 186 182 190 194 188 178 177 177 205 184 142 135 132 119 95
202 185 99 99 3 0 8 25 63 131 204 204 245 239 223 227 232 234 214 193 193 203 232 244 212 197 179 168 168 158 147 145 167 178 180 178 176 176 167 155 122 95 80 105 113 126 126 157 155 145 158 175 188 190 190 171 128 108 111 142 150 169 193 193 198 194 190 194 210 217 192 192 139 71 76 127 160 176 190 203 203 188 186 194 192 182 168 162 162 211 204 158 142 130 123 104
183 162 65 65 9 11 12 27 100 168 210 210 232 213 191 201 214 221 198 185 185 210 242 250 208 184 161 149 149 139 133 145 179 201 205 199 192 192 179 164 134 117 111 127 118 128 128 163 157 145 158 174 187 193 193 189 147 117 99 127 131 153 184 184 190 188 190 194 199 196 181 181 178 109 64 100 123 145 171 204 204 196 183 182 178 173 164 153 153 192 200 156 138 128 127 118
163 142 47 47 18 23 26 45 147 191 206 206 215 202 187 196 213 223 202 197 197 226 249 252 192 167 155 153 153 151 151 158 178 198 206 205 198 198 186 172 150 144 139 129 100 117 117 165 161 145 151 165 178 187 187 188 164 125 90 109 108 138 178 178 185 187 191 192 186 180 180 180 189 124 71 79 78 105 133 177 177 192 179 166 159 157 153 144 144 169 182 142 130 126 125 122
137 109 27 27 27 29 39 70 173 196 203 203 208 206 200 206 223 231 209 199 199 215 232 235 168 161 162 164 164 166 166 160 159 170 181 190 191 191 183 173 158 154 142 119 95 120 120 171 166 149 142 140 154 171 171 183 165 138 118 120 104 127 174 174 184 187 190 188 182 177 179 179 183 138 109 98 51 65 82 112 112 138 140 133 135 142 141 131 131 159 171 131 126 123 120 118
104 74 27 27 33 24 50 108 182 195 202 202 204 207 206 213 227 230 205 183 183 192 214 219 163 170 171 170 170 167 162 156 160 168 173 181 186 186 183 178 166 160 150 136 126 136 136 170 166 156 150 128 142 168 168 182 182 182 179 168 135 125 166 166 182 182 184 184 178 173 170 170 176 152 133 101 34 7 0 28 28 44 61 69 87 114 124 118 118 152 168 131 127 124 121 120
94 66 28 28 10 12 80 157 184 196 204 204 202 204 206 212 224 226 200 175 175 186 212 217 163 164 157 155 155 150 144 144 158 174 182 190 199 199 197 187 171 163 155 146 139 145 145 168 167 168 167 150 165 180 180 184 189 192 188 166 134 120 154 154 174 171 175 177 171 163 158 158 168 156 145 124 96 74 50 42 42 33 26 24 49 75 92 98 98 147 167 137 136 133 130 130
74 49 31 31 17 42 168 213 193 199 201 201 197 201 211 208 198 197 186 167 167 176 190 179 122 110 87 88 88 101 114 123 134 165 201 215 225 225 237 218 190 178 162 147 139 146 146 170 178 184 177 171 173 163 163 160 181 181 179 181 187 190 194 194 188 155 152 157 141 129 123 123 134 142 165 197 229 253 255 255 255 248 226 215 210 197 163 118 118 47 87 100 114 123 126 135
70 48 39 39 17 54 188 227 196 192 187 187 183 188 193 176 156 164 169 163 163 166 168 157 125 118 94 93 93 101 107 116 119 119 131 142 158 158 189 204 190 178 161 143 139 153 153 174 173 173 169 170 171 148 148 133 159 165 167 174 182 187 188 188 165 128 131 135 115 105 99 99 135 159 192 227 253 255 255 255 255 255 246 240 229 204 181 170 170 89 45 73 92 110 121 129
71 52 42 42 6 58 181 229 205 195 177 177 166 172 174 158 152 167 173 176 176 176 164 150 153 151 110 100 107 107 110 119 129 129 133 153 178 178 193 205 193 183 163 143 147 165 165 171 159 162 166 167 164 133 133 112 140 148 149 156 165 173 173 173 155 134 133 113 76 74 77 77 155 178 197 210 217 225 227 234 234 245 244 241 234 223 221 225 225 200 109 79 83 106 115 115
78 57 31 31 4 54 160 221 211 199 174 174 163 173 176 167 166 175 181 188 188 184 163 149 198 189 121 98 105 105 112 127 147 163 171 183 201 201 206 206 193 185 164 147 157 165 165 157 149 162 167 162 154 130 130 120 134 140 141 144 153 166 171 171 162 146 121 64 17 50 85 85 151 175 190 192 188 184 183 198 198 224 239 241 241 244 251 255 255 255 226 179 144 116 111 104
91 50 7 7 21 54 137 200 209 197 176 176 166 166 167 169 169 171 183 195 195 185 164 155 233 209 128 98 110 110 117 139 172 192 193 193 201 201 201 201 195 192 167 148 160 168 168 164 164 175 170 158 152 137 137 127 117 128 138 142 150 162 164 164 153 128 69 12 18 53 96 96 154 178 200 209 208 205 201 203 203 215 226 227 224 223 228 237 237 255 255 236 217 181 137 102
93 31 0 0 26 57 124 167 195 186 173 173 173 177 180 180 169 165 181 194 194 185 170 167 255 225 151 106 106 106 128 176 209 211 200 193 195 195 195 197 197 199 170 151 169 180 180 180 178 175 161 152 149 137 137 121 100 110 130 144 153 157 154 154 142 121 94 58 39 60 103 103 159 182 202 216 224 227 228 224 224 218 213 207 201 198 203 215 215 255 255 235 236 233 213 179
80 18 2 2 32 66 118 141 173 160 147 147 155 183 201 190 167 160 174 184 184 176 163 171 255 232 170 135 128 128 148 190 191 165 159 167 175 175 176 184 198 204 174 157 172 174 174 170 166 160 151 149 150 140 140 128 114 117 133 148 152 150 143 143 124 129 135 106 69 87 124 124 145 169 192 204 216 224 223 216 216 211 206 201 200 204 212 223 223 255 255 240 242 245 246 234
77 25 2 2 44 83 119 131 154 134 122 122 132 174 204 188 164 160 171 177 177 167 156 174 255 223 188 174 175 175 178 176 131 88 106 133 153 153 151 163 195 209 177 153 158 153 153 151 152 154 153 154 156 148 148 143 142 143 148 150 144 136 115 115 97 132 141 136 113 113 134 134 145 167 183 190 194 195 191 189 189 197 206 201 200 204 212 223 223 255 255 240 242 245 246 234
81 29 0 0 60 98 120 123 130 116 117 117 131 168 193 180 164 163 170 175 175 167 156 174 255 223 188 174 175 175 178 176 131 88 106 133 153 153 151 163 195 209 177 153 158 153 153 151 152 154 153 154 156 148 148 143 142 143 148 150 144 136 115 115 97 132 141 136 113 113 134 134 145 167 183 190 194 195 191 189 189 197 206 211 216 223 230 235 235 255 255 239 240 241 237 223
81 29 0 0 60 98 120 123 130 116 117 117 131 168 193 180 164 163 170 175 175 169 166 185 226 208 197 199 208 208 200 181 121 74 97 123 158 158 164 169 186 201 172 146 148 146 146 146 148 151 152 154 154 149 149 147 152 153 149 138 123 106 72 72 103 143 146 152 143 139 152 152 168 183 187 188 178 170 169 179 179 196 212 224 229 233 236 237 237 255 254 235 236 234 228 218
88 27 0 0 68 111 122 115 113 114 125 125 135 162 179 169 162 165 171 173 173 173 179 188 201 200 207 215 218 218 204 184 133 79 86 98 142 142 164 178 187 198 170 148 154 152 152 149 149 153 157 156 152 148 148 149 156 148 131 109 81 45 45 45 128 153 156 164 162 164 172 172 181 188 183 175 155 147 160 182 182 200 218 236 242 235 227 223 223 250 247 231 232 228 226 226
88 11 6 6 73 130 130 112 115 123 133 133 140 159 167 159 162 169 172 172 172 176 183 190 198 206 215 219 216 216 199 180 142 99 100 85 117 117 143 170 194 204 175 153 162 160 160 156 154 159 165 164 157 152 152 157 153 127 101 72 48 36 90 90 152 160 164 173 174 176 178 178 187 188 169 149 128 130 150 171 171 190 211 237 254 247 226 211 211 241 240 226 227 226 228 233
79 0 17 17 84 141 131 112 118 119 128 128 141 154 154 152 163 171 170 171 171 177 187 195 203 206 210 213 212 212 194 177 155 133 136 103 114 114 133 159 189 204 178 161 170 168 168 166 169 177 178 171 161 153 153 158 102 62 41 47 73 93 132 132 160 159 168 179 180 181 185 185 202 183 144 120 110 123 140 147 147 151 160 179 205 218 209 202 202 238 237 222 223 225 229 235
79 0 36 36 97 140 131 123 109 100 124 152 152 159 149 149 162 165 166 173 173 183 193 202 206 205 201 204 207 207 194 185 177 164 160 115 104 104 116 142 178 200 183 171 178 177 177 181 190 195 185 169 153 139 139 128 16 17 56 94 120 139 158 158 169 172 184 188 184 190 203 203 188 133 95 83 76 76 76 71 71 59 57 70 71 111 146 183 183 248 249 226 220 216 220 232
