models/lame/data_carto/DTMBanyulsEPSG2154/small_slope_2_wgs84.asc
ncols        320
nrows        320
xllcorner    3.087906007412
yllcorner    42.451833343014
dx           0.000114985044
dy           0.000114985044
[rows 94 to 140 of 320, columns 96 to 191 of 320]
148 152 154 157 151 151 174 205 205 212 209 209 211 200 200 216 201 201 128 75 109 169 181 177 174 174 160 155 159 162 166 176 183 183 183 180 185 190 185 180 166 158 158 151 139 132 114 92 77 78 104 104 125 138 142 159 165 149 156 156 170 168 137 128 121 87 120 154 154 182 190 195 190 168 142 114 114 89 93 125 114 109 149 164 152 152 134 71 108 139 152 158 163 163 164 167
173 175 171 163 144 137 177 211 211 202 189 184 181 170 179 200 175 175 122 109 116 161 174 179 179 179 158 153 158 162 161 165 176 182 182 182 185 191 189 179 161 160 160 155 144 136 120 106 100 90 92 92 112 126 123 141 159 144 161 161 180 179 169 150 100 30 89 154 154 181 184 184 180 169 157 145 145 135 131 135 107 77 105 160 172 172 152 104 81 91 111 124 129 129 125 123
183 182 172 160 148 167 217 221 221 201 194 183 166 145 153 181 154 154 129 149 139 156 164 172 170 170 152 148 154 158 155 151 158 170 170 175 177 177 179 176 157 159 159 153 142 134 122 112 108 100 90 90 92 105 108 126 144 139 164 164 181 177 181 168 118 74 118 139 139 140 148 160 170 175 178 172 172 162 149 136 106 70 68 124 154 154 149 128 97 53 52 76 100 100 120 135
174 169 159 157 182 224 244 220 220 212 209 191 167 154 157 176 140 140 103 156 151 157 164 172 151 151 136 136 144 150 158 159 161 172 172 179 178 167 171 177 159 159 159 156 147 139 130 121 110 96 83 83 73 85 97 114 129 139 169 169 178 173 185 181 135 105 118 84 84 78 122 161 189 192 190 184 184 181 176 164 136 105 83 98 121 121 134 137 107 64 45 41 91 91 144 170
167 163 172 210 255 255 251 223 223 221 209 187 170 167 167 172 133 133 96 164 159 165 177 176 139 139 120 123 130 133 155 172 171 174 174 181 177 162 167 179 164 161 161 167 171 169 162 141 113 91 77 77 68 74 84 100 117 142 172 172 173 168 193 191 137 120 136 97 97 95 148 173 198 198 195 190 190 190 187 171 149 136 121 107 109 109 117 122 109 86 77 72 122 151 151 156
210 234 255 255 244 232 224 213 213 197 190 188 190 191 172 129 79 79 96 179 189 187 179 175 153 153 135 135 141 131 131 152 167 170 170 174 174 158 139 138 147 150 150 152 153 151 152 154 144 129 103 103 61 48 56 88 112 142 159 159 148 154 216 210 131 129 149 136 136 138 136 96 158 183 198 204 204 208 208 199 187 179 174 164 149 149 136 120 103 106 74 82 115 71 71 51
239 248 236 215 208 207 206 201 201 193 195 196 197 197 183 150 94 94 109 176 186 186 180 179 166 166 152 151 155 152 147 151 163 167 167 170 178 178 163 154 183 172 172 153 145 142 144 149 146 133 116 116 73 50 54 84 118 141 149 149 137 145 216 214 137 131 146 150 150 171 166 114 156 174 188 194 194 193 188 186 187 189 186 179 171 171 156 130 111 117 78 78 119 95 95 85
229 237 228 218 212 208 205 200 200 198 201 201 199 196 180 160 121 121 134 173 180 183 179 181 178 178 170 166 162 161 157 156 158 155 155 151 156 163 157 148 186 189 189 166 153 144 133 122 114 113 112 112 78 56 55 82 123 136 134 134 131 143 210 212 147 141 153 172 172 192 177 120 154 172 183 189 189 194 200 210 221 224 215 201 193 193 185 164 138 147 115 92 105 93 93 82
214 223 224 219 211 207 202 199 199 203 204 202 198 192 182 182 155 155 153 170 179 185 177 174 183 183 183 178 168 166 163 160 159 149 149 138 141 146 141 126 151 179 179 175 167 155 132 109 100 104 105 105 77 54 51 76 115 122 122 122 131 149 203 209 162 155 166 183 183 194 176 136 154 149 160 177 177 198 219 235 242 240 230 214 205 205 200 197 182 161 91 38 69 74 74 65
182 189 189 186 185 184 179 175 175 177 178 175 167 157 159 193 187 187 164 158 169 179 173 165 176 176 183 180 171 169 166 162 156 144 144 137 135 136 136 131 142 159 159 160 156 151 132 111 101 99 97 97 72 51 47 61 103 111 118 118 137 156 194 203 176 166 168 178 178 184 169 140 94 48 67 104 104 138 167 188 199 205 210 206 203 203 198 201 207 165 120 69 61 62 62 37
112 119 121 130 140 142 134 127 127 129 132 132 125 111 117 177 193 193 165 144 152 163 162 159 169 169 178 178 174 174 172 159 146 140 140 136 128 126 134 140 135 143 143 146 144 140 127 109 99 93 87 87 66 51 50 52 93 108 120 120 146 164 184 192 181 173 168 172 172 173 161 147 98 50 51 75 109 109 132 144 157 173 190 197 196 196 187 179 161 139 153 151 107 67 67 35
66 74 78 93 102 97 89 91 91 98 103 104 97 79 92 166 188 188 160 138 145 153 153 154 165 165 174 176 177 183 174 147 135 136 136 132 120 122 133 133 129 142 142 150 144 136 125 109 98 85 75 75 55 41 42 45 78 104 120 120 150 169 179 183 178 172 168 167 167 162 156 150 118 89 89 94 110 110 103 89 101 122 148 169 179 179 175 161 127 124 139 158 143 102 102 75
54 46 23 6 0 0 15 42 42 61 63 60 52 39 83 157 168 168 146 136 140 145 147 149 160 160 168 172 180 187 168 134 121 122 122 120 116 117 115 112 127 146 146 152 142 132 123 111 98 78 60 60 36 17 16 23 59 95 118 118 145 168 178 179 173 171 172 168 168 162 158 156 142 130 127 126 126 126 100 46 26 44 93 142 165 165 168 160 145 141 138 142 143 128 128 112
148 138 122 100 76 47 29 17 17 26 27 31 41 46 88 140 141 141 133 134 137 143 149 151 161 161 166 170 177 182 162 127 110 116 116 125 119 106 98 102 134 150 150 153 141 128 123 117 103 76 54 54 28 3 0 12 46 87 115 115 138 161 172 171 166 170 175 171 171 165 161 159 155 151 150 152 152 152 137 98 70 64 101 129 132 132 139 152 159 154 147 143 141 132 132 122
165 155 143 128 99 73 71 29 29 18 26 37 48 54 82 117 124 124 126 131 137 149 156 157 164 164 169 170 171 173 157 123 111 130 130 138 119 92 84 100 134 150 150 153 141 128 123 117 103 76 54 54 28 3 0 12 46 87 115 115 138 161 172 171 166 170 175 171 171 165 161 159 155 151 150 152 152 152 137 98 70 64 101 129 132 132 139 152 159 154 147 143 141 132 132 122
165 155 143 128 99 73 71 29 29 18 26 37 48 54 82 117 124 124 126 131 137 149 156 157 164 164 169 170 171 173 157 123 111 130 130 138 119 92 84 100 143 156 156 156 140 125 123 122 110 77 48 48 23 1 0 10 41 81 109 109 128 152 162 161 159 163 168 169 169 163 159 156 156 154 154 155 155 155 150 132 123 113 100 60 5 5 38 101 170 169 160 155 151 134 134 113
160 150 137 128 116 115 111 46 46 14 31 42 51 56 76 106 117 117 122 127 139 154 162 161 163 163 173 175 169 161 146 128 125 129 129 136 123 96 80 94 147 167 167 164 142 128 127 125 115 78 40 40 16 0 0 7 38 74 101 101 114 137 153 156 155 153 155 156 156 151 147 145 149 151 154 156 158 158 157 153 157 159 152 116 64 64 53 92 154 178 173 162 153 129 129 96
161 151 132 120 123 143 140 60 60 9 33 45 53 58 77 105 116 116 121 128 141 157 164 159 160 160 175 181 165 144 141 143 137 134 134 149 141 113 95 95 142 172 172 173 151 137 132 126 117 73 32 32 17 5 0 3 36 69 94 102 102 118 138 150 151 148 146 142 142 134 130 129 133 137 142 147 151 151 152 153 157 159 156 131 94 94 96 114 81 134 165 161 155 138 138 113
159 154 131 111 127 163 144 62 62 13 44 64 72 77 88 108 117 117 123 132 145 159 161 152 155 155 174 179 155 148 163 161 149 156 156 178 167 135 118 110 147 166 166 168 162 162 133 101 111 74 39 39 26 14 7 6 29 64 88 93 93 108 131 144 147 147 143 134 134 123 116 114 117 122 126 130 138 138 144 148 152 153 152 151 138 138 123 128 95 40 107 154 163 154 154 139
155 162 148 129 148 164 119 69 69 61 67 86 91 92 100 112 118 118 126 136 148 157 155 149 151 151 162 159 149 163 180 180 166 173 173 196 188 158 136 128 180 176 176 163 187 209 142 56 80 75 46 46 31 17 14 12 21 56 79 83 83 102 129 141 144 147 141 129 129 119 109 104 106 110 113 114 127 127 138 143 145 141 137 153 159 159 139 134 136 102 25 99 144 146 146 148
138 163 172 172 180 172 141 129 129 90 23 23 67 94 110 128 131 131 137 147 154 156 149 144 142 142 141 158 166 163 166 172 163 178 178 200 202 208 196 165 198 187 187 169 172 171 141 94 76 81 55 55 27 0 0 0 21 55 74 95 95 114 127 134 138 138 127 118 118 109 98 93 91 89 85 76 81 81 111 135 139 129 118 128 147 147 149 141 141 149 126 29 34 116 116 179
135 155 163 164 172 174 169 170 170 114 67 5 42 82 106 138 146 146 148 152 158 160 150 147 136 136 133 147 156 152 159 179 175 186 186 205 207 215 210 180 193 196 196 190 179 169 155 127 116 98 67 67 35 5 0 0 26 57 74 100 100 121 127 131 133 129 121 114 114 103 95 92 90 86 79 68 66 66 94 124 128 117 112 123 139 139 141 133 129 140 130 86 118 149 149 179
122 142 149 150 153 156 160 176 176 125 89 51 1 49 82 133 161 161 170 171 168 165 154 150 122 122 121 143 154 142 140 170 177 186 186 201 206 217 216 193 184 183 183 173 151 129 121 127 136 112 84 84 57 32 19 8 31 60 76 103 103 123 127 128 125 123 120 112 112 102 99 97 98 90 78 68 69 69 92 114 108 93 88 105 131 131 144 138 134 148 157 152 171 165 165 172
102 127 137 137 137 141 149 168 168 132 99 74 6 17 55 112 150 150 176 188 184 177 162 149 124 124 133 160 176 170 153 175 184 187 187 192 200 215 217 202 186 177 177 164 139 116 114 127 136 117 95 95 72 46 29 12 34 62 81 106 106 123 124 122 117 120 123 115 115 106 105 105 106 89 76 74 81 81 97 105 95 88 93 114 146 146 163 153 148 169 183 187 205 176 176 161
87 110 122 124 125 132 143 161 161 140 112 93 33 7 35 88 123 123 153 178 183 189 185 167 143 143 154 167 176 189 178 190 200 196 196 194 203 214 211 202 186 172 160 160 136 119 123 132 134 121 109 109 92 67 52 37 47 69 89 110 110 122 118 117 116 118 123 119 119 109 106 107 102 81 76 83 91 91 99 97 92 96 106 129 163 163 179 167 171 191 196 201 215 161 161 139
77 96 108 112 119 114 118 149 149 144 128 114 63 25 14 71 106 106 138 165 173 189 201 190 156 156 170 155 159 180 180 188 201 204 204 203 214 225 218 205 183 168 155 155 125 108 122 137 140 133 126 126 112 92 79 66 60 77 94 112 112 120 115 119 122 117 116 117 117 110 105 107 101 84 86 94 100 100 103 99 98 107 120 144 178 178 195 183 191 196 189 198 214 150 150 127
77 84 95 105 133 124 89 112 112 134 132 126 82 54 29 60 98 98 132 158 163 175 191 192 159 159 163 134 163 176 176 176 184 197 197 209 225 240 239 220 177 163 147 147 112 87 94 107 117 122 126 126 118 100 88 76 63 78 93 108 108 118 117 122 123 112 107 111 111 108 104 108 105 94 96 100 103 103 103 96 93 104 119 139 172 172 190 175 170 164 159 182 203 132 132 72
93 88 82 92 143 150 105 114 114 120 124 122 90 69 37 30 79 79 118 142 150 164 178 182 164 164 143 130 169 178 176 168 168 179 179 201 230 253 255 248 182 159 132 132 104 84 78 70 70 90 116 116 121 109 101 93 70 79 94 107 107 116 114 116 115 106 103 109 109 108 103 108 107 98 93 96 99 99 96 89 85 94 109 123 157 157 182 173 159 147 146 176 197 128 128 14
114 105 92 82 124 147 108 99 99 107 122 113 82 62 47 20 26 26 93 125 138 155 168 173 170 170 135 144 170 180 177 168 164 164 164 176 214 255 255 255 191 154 123 123 102 89 73 49 51 73 100 100 114 112 109 102 70 76 93 101 101 103 100 107 110 105 108 112 112 105 100 106 104 94 88 92 96 96 95 95 88 87 95 109 141 141 170 176 169 153 146 176 197 128 128 14
127 120 104 87 85 91 111 156 156 181 170 125 88 61 46 50 15 15 48 89 105 127 143 154 151 151 135 152 168 180 178 172 171 164 164 176 214 255 255 255 191 154 123 123 102 89 73 49 51 73 100 100 114 112 109 102 70 76 93 101 101 103 100 107 110 105 108 112 112 105 100 106 104 94 88 92 96 96 95 95 88 87 95 109 141 141 170 176 169 153 151 178 199 150 150 74
127 120 104 87 85 91 111 156 156 181 170 125 88 61 46 50 15 15 48 89 105 127 143 154 151 151 135 152 168 180 178 172 171 170 170 171 202 255 255 255 202 166 135 135 112 92 64 45 52 69 90 90 98 104 109 104 79 77 90 95 95 95 95 104 106 108 114 113 113 101 97 104 104 93 87 90 92 92 95 102 98 83 79 97 124 124 149 170 184 171 167 186 209 193 193 163
129 130 115 102 93 68 38 51 51 166 184 145 122 92 61 58 31 31 7 43 65 97 116 129 131 146 146 157 168 179 178 176 179 187 187 187 203 254 255 255 199 164 139 139 123 93 66 64 54 56 79 79 86 96 107 108 96 87 90 96 96 102 104 101 96 106 117 113 113 101 100 107 109 97 90 93 94 94 97 106 103 77 61 82 107 107 123 145 185 185 183 189 206 205 205 198
122 133 141 138 131 118 106 97 97 124 142 122 124 120 99 68 28 28 0 22 47 79 95 101 125 153 153 162 170 180 181 181 186 200 200 205 215 254 255 255 205 160 137 137 132 86 77 95 82 61 69 69 80 93 107 119 128 125 117 110 110 107 97 87 84 97 114 114 114 103 102 107 109 96 92 98 98 98 97 104 101 72 52 69 95 95 105 113 142 153 161 163 177 181 181 175
114 116 134 151 155 157 162 169 169 158 138 110 100 111 110 72 25 25 4 15 32 51 61 68 113 151 151 167 177 189 192 193 196 209 209 216 230 255 255 255 223 171 148 148 142 73 62 85 102 93 88 88 92 97 104 117 143 144 135 116 116 96 78 75 77 86 103 110 110 104 103 109 111 100 107 114 105 105 97 99 98 72 58 74 96 96 104 102 113 124 136 140 159 175 175 176
100 84 80 86 95 110 129 149 149 173 179 168 145 129 108 59 18 18 12 7 13 28 39 56 103 145 145 167 183 198 202 203 206 213 213 215 232 255 255 255 239 186 162 162 147 67 52 58 86 103 107 107 105 100 96 96 104 105 100 91 91 75 66 73 77 83 94 99 99 102 107 113 120 116 128 123 102 102 93 94 92 77 71 82 93 93 96 91 96 109 125 127 140 158 158 172
85 73 66 55 52 60 68 77 77 94 117 117 108 96 73 36 13 13 15 14 8 22 36 52 91 129 129 150 173 199 208 213 218 214 214 197 208 255 255 255 246 202 174 174 141 66 54 48 60 80 93 93 98 99 98 98 101 98 92 80 80 68 68 80 84 88 90 85 85 93 107 117 127 127 132 114 89 89 83 85 84 77 73 74 76 76 79 79 80 92 117 124 123 133 133 151
99 116 124 129 138 146 151 151 151 147 128 92 65 49 38 28 22 22 22 20 12 10 22 38 64 93 93 112 144 178 191 213 234 224 224 205 233 255 255 255 255 228 209 209 165 90 60 58 67 77 89 89 99 105 107 104 107 108 106 100 100 78 65 67 52 55 68 63 63 77 95 111 142 127 120 120 107 107 100 108 122 126 124 114 95 95 76 62 60 65 84 104 107 106 106 114
112 116 113 113 119 124 119 106 106 88 71 52 44 40 36 31 29 29 27 22 10 7 16 34 65 91 91 108 139 174 188 220 244 229 229 195 210 255 255 255 255 229 214 214 178 116 80 70 79 86 95 95 103 109 115 112 86 85 91 99 99 87 66 64 48 53 69 66 66 78 83 105 177 127 90 116 129 129 127 132 140 148 160 170 166 166 149 125 81 69 85 108 104 94 94 96
120 111 100 95 98 96 80 61 42 42 35 31 30 31 32 33 32 32 30 19 8 10 24 35 70 88 88 103 136 171 189 228 255 247 247 206 209 255 255 255 255 232 213 213 174 125 97 77 86 92 102 102 109 115 123 126 94 83 86 99 99 98 72 66 48 45 54 59 59 78 75 118 204 115 60 101 142 142 142 143 143 152 161 165 175 175 176 170 150 136 127 124 105 89 89 77
108 101 91 84 79 67 52 43 29 29 21 18 14 15 19 21 19 19 9 0 0 14 22 15 35 59 59 87 121 151 166 208 255 255 255 213 206 249 255 255 255 244 215 215 161 113 106 93 91 94 103 103 104 105 113 122 110 90 83 94 94 102 77 69 56 46 44 56 56 87 87 147 205 121 110 136 162 162 154 161 171 172 175 167 161 161 168 171 179 184 183 172 157 145 145 130
67 68 68 60 47 35 28 24 14 14 2 5 7 11 15 6 0 0 0 0 0 11 3 4 0 0 0 42 91 121 134 185 255 255 255 212 196 224 255 255 255 255 223 223 154 87 73 36 48 81 91 91 91 92 103 113 114 97 84 89 89 101 84 77 69 59 59 71 71 94 99 155 192 142 145 192 197 197 174 182 199 193 192 180 155 155 158 170 191 201 210 214 213 207 207 197
40 41 42 32 21 17 16 12 3 3 0 0 11 21 17 0 15 15 14 0 4 3 13 24 23 14 14 0 50 93 117 184 254 255 255 224 210 213 228 254 255 255 232 232 156 76 65 26 59 97 87 87 85 87 97 102 112 107 99 97 97 104 90 76 67 61 67 76 76 91 103 147 181 189 171 171 172 172 166 191 208 201 201 185 152 152 154 178 210 221 227 230 229 224 224 216
21 20 16 2 1 4 5 0 0 0 13 24 41 56 62 68 65 65 44 29 20 5 10 6 8 14 14 11 23 61 93 176 241 253 253 245 236 229 233 252 255 255 233 233 157 84 71 61 90 114 88 88 65 63 74 77 107 113 109 105 105 106 94 76 68 65 73 83 83 102 128 156 165 205 210 173 145 145 164 200 210 203 204 186 160 160 175 204 236 243 244 243 243 242 242 238
0 7 8 8 13 5 0 0 35 35 68 88 104 119 122 112 89 89 66 52 36 3 0 0 0 0 0 5 9 27 67 153 212 233 233 244 245 244 246 255 255 255 221 221 155 96 52 25 70 111 84 84 47 53 70 68 106 110 107 104 104 102 96 85 77 72 79 92 92 123 155 169 162 199 216 187 147 147 149 181 195 200 204 191 160 160 175 204 236 243 244 243 243 242 242 238
0 9 21 40 40 21 2 23 95 95 120 128 128 129 123 107 88 88 75 68 52 13 0 0 0 0 0 5 9 27 67 153 212 233 233 244 245 244 246 255 255 255 221 221 155 96 52 25 70 111 84 84 47 53 70 68 106 110 107 104 104 102 96 85 77 72 79 92 92 123 155 169 162 199 216 187 147 147 149 181 195 200 204 191 182 182 205 222 245 249 247 246 245 242 242 237
0 9 21 40 40 21 2 23 95 95 120 128 128 129 123 107 88 88 75 68 52 13 0 0 0 0 0 0 0 14 46 126 180 213 213 242 249 251 255 255 255 251 199 199 150 113 62 27 68 105 80 80 43 56 70 54 78 89 97 98 98 97 94 90 84 78 83 96 96 130 157 166 173 197 215 195 163 163 164 189 205 208 205 195 190 190 204 209 230 235 234 232 227 216 216 205
1 18 30 41 8 44 41 65 153 153 160 155 139 128 118 113 105 105 96 89 75 40 6 0 0 0 0 0 0 4 19 100 155 209 209 247 252 254 255 255 255 235 170 170 141 129 90 54 59 96 87 87 36 48 58 35 47 64 82 91 91 92 91 89 86 80 83 95 95 128 151 165 182 201 216 205 186 186 192 216 230 221 203 192 190 190 200 200 225 223 218 213 200 182 182 170
