models/lame/data_carto/DTMBanyulsEPSG2154/small_slope_2_wgs84.asc
ncols        320
nrows        320
xllcorner    3.087906007412
yllcorner    42.451833343014
dx           0.000114985044
dy           0.000114985044
[rows 141 to 187 of 320, columns 192 to 287 of 320]
99 95 94 98 109 125 134 134 163 213 253 225 190 192 192 192 170 139 149 163 161 143 122 62 62 17 0 1 3 2 0 0 0 0 0 0 15 19 40 227 224 224 204 174 166 205 224 214 208 208 204 198 162 122 93 78 43 49 49 96 123 118 106 117 123 111 111 102 96 88 82 84 92 100 111 111 118 109 98 115 130 136 130 130 132 140 121 110 67 34 33 76 76 79 54 28
20 17 17 21 29 40 52 52 73 135 225 240 206 189 181 181 166 143 168 179 164 126 94 41 41 4 0 1 9 9 0 0 0 0 0 0 8 5 25 197 204 204 204 183 167 182 203 215 217 217 219 219 199 178 156 139 96 82 82 104 118 103 83 84 76 66 66 74 81 80 80 84 106 116 127 127 138 132 116 115 120 117 99 99 98 104 108 109 68 44 31 81 81 80 46 26
0 0 0 0 0 0 0 0 36 57 131 198 208 193 172 172 153 130 168 169 128 80 57 16 16 0 1 1 15 15 0 0 0 0 0 0 12 14 31 161 185 185 201 188 176 174 178 198 217 217 228 236 225 206 196 190 162 150 150 157 152 121 87 78 58 49 49 66 73 74 76 84 113 127 140 140 152 147 133 127 117 93 77 77 81 91 109 105 71 54 24 79 79 81 52 33
0 0 0 0 0 0 0 0 23 30 54 112 154 162 155 155 152 133 159 128 71 40 32 0 0 2 2 4 21 16 0 0 0 0 0 5 25 33 28 128 158 158 167 160 167 165 158 168 193 193 214 226 222 203 190 189 173 173 173 179 177 157 120 94 66 50 50 53 48 49 60 73 97 112 130 130 150 151 139 130 117 99 94 94 92 103 104 95 83 78 51 85 85 93 70 47
0 0 0 0 0 0 0 0 0 17 34 29 33 44 67 67 85 63 51 28 14 7 0 6 6 0 0 10 22 14 0 2 2 11 25 37 43 64 94 172 130 130 35 58 123 132 128 127 131 131 158 190 201 193 170 153 144 172 172 182 175 180 182 159 120 86 86 52 26 37 47 40 41 59 85 85 111 128 131 128 128 128 120 120 103 94 88 87 107 115 102 103 103 100 78 63
15 24 21 0 0 0 0 0 10 12 5 2 3 0 25 25 40 18 11 10 3 0 0 0 0 0 1 10 22 14 0 12 12 27 41 45 41 59 117 177 116 116 73 75 112 94 78 71 57 57 102 172 200 198 183 170 159 172 172 179 174 178 188 184 149 106 106 73 45 45 42 33 52 62 76 76 96 106 114 124 131 132 124 124 108 93 76 69 106 120 106 91 91 86 82 84
34 23 39 16 0 0 0 0 13 8 12 15 5 0 13 13 30 16 10 9 2 0 0 1 1 0 0 9 24 20 3 27 27 45 50 48 57 95 154 185 165 165 177 185 171 125 91 62 14 14 23 118 184 196 189 182 183 187 187 184 177 179 190 198 176 130 130 88 63 64 55 49 73 74 77 77 91 97 101 113 128 133 126 126 106 86 69 67 114 128 120 101 101 89 98 102
52 36 56 31 6 0 0 0 7 0 3 0 2 0 1 1 22 17 14 18 16 11 9 11 11 0 8 25 45 54 43 41 41 56 54 68 105 147 180 193 183 183 196 191 162 129 106 78 50 50 26 42 135 166 163 167 177 182 182 176 167 171 187 196 181 149 149 110 84 85 68 52 57 59 66 66 84 93 99 110 124 130 123 123 105 92 76 87 121 138 129 109 109 100 115 113
106 107 86 41 11 0 5 5 2 0 0 0 3 0 0 0 6 11 18 26 24 20 16 24 24 22 19 36 52 69 69 45 45 60 72 116 159 182 195 204 188 188 187 188 180 178 172 152 127 127 100 63 103 122 122 146 168 173 173 166 160 171 186 183 167 155 155 130 105 102 81 57 44 49 58 58 76 89 99 111 124 127 122 122 111 102 89 96 110 125 122 102 102 98 119 113
135 127 94 68 49 26 13 13 11 1 0 0 2 0 0 0 0 0 6 11 5 11 16 33 33 49 41 46 64 89 100 69 69 79 120 166 186 191 199 206 191 191 182 192 201 206 202 186 171 171 154 111 84 72 88 137 165 169 169 166 170 179 177 164 155 154 154 139 113 105 91 73 61 67 68 68 82 95 98 105 118 125 124 124 112 104 95 96 110 125 122 102 102 98 119 113
164 160 140 134 136 99 48 48 24 9 0 1 1 2 7 7 5 3 8 9 2 0 10 37 37 79 90 104 131 139 140 122 122 143 184 166 186 191 199 206 191 191 182 192 201 206 202 186 171 171 154 111 84 72 88 137 165 169 169 166 170 179 177 164 155 154 154 139 113 105 91 73 61 67 68 68 82 95 98 105 118 125 124 124 112 104 95 102 104 111 118 100 100 98 120 108
164 160 140 134 136 99 48 48 24 9 0 1 1 2 7 7 5 3 8 9 2 0 10 37 37 79 90 104 131 139 140 122 122 143 184 199 196 195 198 198 190 190 181 192 202 201 192 184 181 181 178 149 104 63 62 131 164 173 173 180 187 179 160 154 159 166 166 148 116 108 101 91 81 78 70 70 78 94 97 98 111 127 126 109 109 101 102 114 111 116 123 106 106 107 123 102
165 170 149 143 175 173 100 100 38 19 5 3 2 6 5 5 2 5 9 15 22 17 8 49 49 121 163 170 186 198 203 183 183 199 216 207 199 200 199 188 186 186 178 181 189 189 189 190 190 190 187 168 133 91 59 132 175 190 190 200 199 173 155 171 182 181 181 144 109 115 113 104 89 78 68 68 67 79 88 95 109 129 127 108 108 105 113 120 114 118 125 112 112 115 121 95
128 154 139 109 143 198 146 146 67 37 14 6 1 0 0 0 0 0 1 12 34 57 83 149 149 198 209 181 175 202 237 234 234 228 220 204 198 199 193 178 173 173 162 151 160 173 184 194 199 199 200 182 145 109 65 136 191 208 208 207 194 165 163 187 191 182 182 140 119 133 124 114 98 89 84 84 83 83 85 92 106 128 128 122 122 126 117 109 113 122 127 114 114 114 112 91
108 147 163 126 125 197 163 163 90 51 22 9 0 0 0 0 0 0 1 19 37 64 117 202 202 227 199 156 145 150 169 233 233 246 230 206 192 189 178 171 165 165 165 160 161 169 179 191 203 203 210 198 173 148 98 142 199 211 211 200 183 165 177 191 193 181 181 145 141 147 127 121 111 106 104 104 102 93 88 89 103 125 135 144 144 139 111 98 115 126 130 115 115 110 100 86
124 144 172 145 131 196 170 170 113 71 41 26 9 2 0 0 0 0 12 20 26 41 90 141 141 159 149 150 158 153 129 177 177 223 218 192 178 178 169 174 179 179 193 189 175 172 175 187 201 201 210 205 188 171 115 139 182 194 194 192 182 171 181 182 187 171 171 135 140 132 112 122 113 107 105 105 99 88 90 92 104 126 144 147 147 138 115 113 125 136 139 119 119 107 94 83
118 117 135 121 132 193 177 177 137 96 66 46 22 11 4 4 0 8 11 6 14 34 81 128 128 138 132 129 138 146 130 136 136 165 178 190 201 198 184 191 201 201 203 178 157 158 164 176 192 192 211 212 206 201 150 143 148 178 178 197 195 171 168 168 179 164 164 136 144 119 98 117 100 87 81 81 69 61 83 96 101 114 129 136 136 146 139 148 126 129 138 121 121 108 96 85
102 102 113 113 143 191 181 181 150 110 81 62 40 30 24 24 26 22 11 0 7 26 68 127 127 148 160 149 128 116 98 111 111 130 135 163 198 206 191 209 208 208 187 155 146 155 158 166 183 183 211 218 219 223 175 125 115 171 171 199 198 163 159 167 177 167 167 147 144 111 90 111 76 52 48 48 35 11 38 79 93 95 107 124 124 150 157 163 92 89 110 111 111 105 95 81
115 120 124 125 155 193 187 187 164 131 107 99 90 86 84 84 75 54 31 12 0 18 54 116 116 145 168 164 145 139 146 126 126 112 117 125 147 153 159 199 183 183 155 141 148 152 144 152 171 171 204 213 212 221 182 118 110 166 166 184 182 155 158 169 173 173 166 166 158 126 107 120 59 43 51 51 51 41 16 28 77 100 110 123 123 147 157 146 86 83 97 104 104 102 94 84
128 137 138 133 158 192 200 200 209 198 194 192 183 167 142 142 118 96 76 58 18 2 23 84 84 126 162 177 174 163 186 184 184 136 116 129 149 150 135 153 135 135 125 127 129 120 115 134 155 155 188 202 209 224 209 178 104 90 90 92 134 144 154 162 166 173 181 181 184 174 164 155 105 89 69 69 47 40 36 51 59 43 55 75 75 86 81 77 109 113 109 106 106 104 102 94
111 111 119 123 145 181 201 201 238 237 236 231 215 191 167 167 146 127 112 95 51 19 6 65 65 111 146 168 184 179 197 203 203 161 128 129 149 155 138 124 110 110 108 117 118 106 93 107 133 133 174 195 206 219 210 189 132 115 115 104 123 115 120 135 139 146 153 153 161 161 154 145 106 113 97 97 80 78 64 42 60 65 58 60 60 83 103 102 109 114 111 109 109 110 106 109
132 147 161 158 159 171 177 177 183 170 174 187 191 184 175 175 163 145 130 114 68 32 0 54 54 98 129 153 180 183 205 212 212 180 150 143 159 161 145 107 103 103 116 122 108 90 78 98 121 121 156 182 201 218 214 202 171 172 172 153 127 88 92 117 119 125 127 127 138 151 148 146 136 135 109 109 91 89 77 65 50 69 72 63 63 65 102 120 115 115 110 107 107 102 100 134
103 113 135 145 152 158 159 159 157 133 138 161 181 186 185 185 180 168 157 142 100 64 24 45 45 86 112 136 171 176 206 216 216 190 171 160 168 167 152 115 119 119 133 121 91 78 79 99 101 101 128 158 183 207 209 200 177 176 176 154 117 84 91 113 111 116 121 121 138 153 154 157 157 152 126 126 112 112 93 89 62 53 72 74 74 65 69 95 109 109 101 87 87 84 108 149
46 38 77 99 124 145 159 159 180 165 165 171 184 189 186 186 183 178 174 162 122 91 48 42 42 75 97 123 159 166 200 214 214 195 186 176 178 177 168 142 147 147 149 128 106 99 94 87 52 52 63 109 140 177 197 197 188 184 184 174 157 142 141 145 136 142 154 154 169 175 174 175 169 168 149 149 134 125 106 103 97 51 54 80 80 77 61 59 96 103 95 80 80 94 127 158
46 39 63 80 103 122 142 142 183 171 168 170 184 192 191 191 187 183 182 174 144 118 66 33 33 59 85 112 145 155 191 206 206 189 184 181 185 185 177 162 172 172 161 135 124 121 118 105 56 56 0 44 84 126 165 187 193 190 190 187 176 163 157 154 149 163 175 175 180 180 176 173 169 169 158 158 137 120 106 101 113 51 54 80 80 77 61 59 96 103 95 80 80 94 127 158
28 29 44 56 74 91 114 114 177 171 162 163 182 199 204 204 198 191 190 192 172 139 83 13 13 41 76 102 131 155 191 206 206 189 184 181 185 185 177 162 172 172 161 135 124 121 118 105 56 0 0 44 84 126 165 187 193 190 190 187 176 163 157 154 149 163 175 175 180 180 176 173 169 169 158 158 137 120 106 101 113 91 55 82 82 90 69 57 73 98 99 99 99 120 143 163
28 29 44 56 74 91 114 114 177 171 162 163 182 199 204 204 198 191 190 192 172 139 83 13 13 41 76 102 131 142 185 201 201 178 177 178 184 187 182 169 183 183 172 142 135 133 134 132 91 33 33 0 26 68 110 153 188 193 193 197 188 173 166 163 163 176 178 178 175 172 165 164 169 171 172 172 150 123 108 97 110 111 119 143 143 126 74 57 38 77 102 116 116 141 156 159
6 0 20 39 58 76 93 93 141 148 146 149 169 193 212 212 211 197 193 208 190 146 95 6 6 24 70 94 118 128 180 196 196 171 177 180 185 187 190 184 192 192 186 159 146 144 150 155 119 63 63 29 4 46 91 134 192 198 198 205 206 191 178 174 172 176 169 169 164 160 155 164 177 183 184 184 158 122 108 97 113 133 169 176 176 124 64 46 20 38 89 126 126 154 159 150
42 14 0 9 30 42 53 53 84 97 113 126 142 161 193 193 211 197 193 217 198 153 118 50 50 5 62 84 104 110 163 184 184 165 173 177 181 185 192 202 204 204 200 178 155 149 155 160 128 81 81 60 37 57 94 129 175 181 181 193 204 197 182 175 170 170 166 166 165 164 170 186 198 195 180 180 153 124 116 117 136 149 148 107 107 63 38 45 42 36 72 130 130 161 152 132
78 42 19 0 0 8 18 18 49 58 76 99 124 141 176 176 204 196 194 212 191 157 136 83 83 1 52 72 91 97 141 164 164 156 166 169 175 182 191 208 212 212 214 194 165 156 163 163 137 105 105 92 69 73 95 109 133 134 134 142 166 184 183 178 173 176 178 178 182 190 203 214 204 185 159 159 145 125 112 109 113 103 72 43 43 55 24 61 58 43 59 122 122 162 145 115
126 97 71 49 18 0 0 0 19 27 35 56 103 132 168 168 198 198 200 200 178 161 149 122 122 29 38 52 76 90 127 145 145 142 155 160 168 175 184 200 207 207 212 194 165 160 169 164 141 120 120 115 103 111 120 112 106 89 89 89 114 150 172 176 174 180 185 185 192 201 204 196 173 159 138 138 134 118 94 82 78 70 54 52 52 66 35 79 43 35 53 110 110 158 143 108
164 150 127 101 62 35 26 26 3 0 0 14 79 117 159 159 191 196 199 190 176 167 166 157 157 61 11 26 65 85 121 135 135 123 128 129 136 142 150 166 179 179 188 175 154 154 163 157 135 126 126 134 136 140 132 115 90 86 86 104 128 151 171 178 179 185 184 184 185 187 172 156 164 161 141 141 131 119 93 79 77 78 75 79 79 88 65 86 42 39 52 97 97 155 142 97
168 158 142 122 82 56 50 50 40 33 25 0 53 105 155 155 184 185 185 182 173 165 170 178 178 87 9 2 49 77 114 132 117 117 115 121 132 136 143 159 174 174 182 172 157 157 163 157 134 127 127 141 154 155 135 114 91 115 115 149 168 177 182 182 182 182 174 174 168 159 142 144 170 167 143 143 131 124 97 75 71 77 82 94 94 104 80 74 36 37 38 70 70 146 144 93
157 153 154 145 114 94 87 87 81 77 72 44 18 76 145 145 167 162 167 169 163 158 172 198 198 130 72 25 26 68 104 129 124 124 125 135 140 141 149 163 176 176 181 173 162 161 164 159 138 128 128 143 159 160 140 118 95 119 119 144 153 160 164 167 174 177 170 170 163 155 152 164 164 157 135 135 122 122 104 92 93 99 101 102 102 105 86 73 49 55 49 64 64 137 152 111
165 164 166 162 145 133 127 127 111 102 96 78 56 35 68 68 101 114 144 157 154 155 173 206 206 173 146 92 40 53 81 114 119 119 141 157 158 166 174 183 186 186 183 177 171 169 164 145 131 163 163 199 168 108 105 126 113 116 116 120 116 127 138 156 173 174 170 170 173 179 180 175 149 144 137 137 135 139 125 122 122 117 113 109 109 107 100 92 78 86 85 84 84 110 130 130
171 172 170 164 147 136 132 132 109 102 94 72 48 28 32 32 56 82 131 151 154 159 175 201 201 188 177 126 51 8 63 119 124 124 151 164 169 177 176 179 176 176 171 167 161 156 150 132 130 168 168 183 127 75 96 130 126 123 123 118 107 115 122 134 146 145 148 148 159 163 159 150 130 128 128 128 133 132 110 101 101 107 113 114 114 117 118 115 82 77 82 93 93 107 122 130
149 153 154 149 128 114 107 107 95 96 91 67 36 14 0 0 29 65 115 136 142 151 167 189 189 185 183 136 57 18 46 125 137 137 157 164 173 180 173 179 178 178 173 169 160 157 162 154 144 165 165 175 142 110 116 137 144 131 131 122 115 124 122 125 132 130 137 137 146 144 136 126 110 112 115 115 125 124 97 85 88 103 115 119 119 126 130 118 79 72 82 101 101 114 125 132
94 94 104 103 81 55 47 47 83 86 85 66 36 14 2 2 13 34 79 103 118 134 147 165 165 172 180 147 96 60 23 127 145 145 156 160 170 178 168 175 180 180 178 176 168 169 184 189 180 181 181 178 147 128 136 148 164 140 140 132 132 138 125 120 119 105 109 109 116 106 84 66 82 93 99 99 113 111 78 62 67 86 102 110 110 117 113 103 85 81 87 100 100 110 122 132
98 77 81 75 67 58 62 62 95 96 97 80 43 13 1 1 2 13 64 93 113 127 135 145 145 160 173 151 119 90 8 126 146 146 151 150 163 175 164 169 177 177 179 182 176 172 184 194 196 202 202 201 176 156 158 161 183 161 161 149 150 152 136 127 116 85 82 82 79 41 5 30 84 89 89 89 100 95 60 45 52 69 87 96 96 97 96 101 94 89 91 98 98 105 119 132
105 89 85 67 56 68 82 82 100 98 95 71 26 7 10 9 9 18 67 93 111 127 135 129 129 144 154 140 128 98 6 123 143 143 142 139 156 170 160 159 169 169 171 175 173 172 180 186 194 205 205 206 186 168 165 161 183 174 174 163 161 162 151 147 131 94 81 81 48 0 29 46 105 107 97 89 100 95 60 45 52 69 87 96 96 97 96 101 94 89 91 98 98 105 119 132
153 147 138 113 80 63 88 88 101 92 85 58 20 17 20 7 7 38 73 90 113 145 162 129 129 144 154 140 128 98 6 123 143 143 142 139 156 170 160 159 169 169 171 175 173 172 180 186 194 205 205 206 186 168 165 161 183 174 174 163 161 162 151 147 131 94 81 81 48 0 29 46 105 107 97 97 95 87 64 59 57 62 76 81 81 80 83 95 93 91 93 100 100 106 117 131
153 147 138 113 80 63 88 88 101 92 85 58 20 17 20 7 7 38 73 90 113 145 162 146 146 156 157 144 128 77 19 113 128 128 128 133 151 163 156 162 166 166 164 166 168 169 168 165 171 181 181 181 172 168 166 157 167 169 169 165 164 163 160 158 140 115 99 99 65 50 44 49 113 119 113 113 99 90 77 66 47 33 42 48 48 53 60 74 88 94 98 103 103 105 114 130
152 148 139 120 103 78 67 67 101 88 81 58 27 23 10 29 29 60 73 86 125 173 179 146 146 152 145 127 98 46 26 89 105 105 119 131 145 151 155 176 169 169 162 162 165 168 162 158 168 172 172 168 167 170 167 156 156 158 158 160 161 159 160 158 152 150 149 149 132 98 61 62 114 126 129 129 111 99 84 61 35 9 15 24 24 33 42 58 88 96 99 99 99 99 111 128
82 94 102 103 101 90 52 52 94 103 98 80 46 17 10 52 52 64 69 83 135 182 173 140 140 144 130 103 64 20 25 57 87 87 108 120 119 111 117 156 147 147 136 140 156 168 166 171 180 175 175 167 168 167 163 158 149 145 145 148 152 149 152 159 165 175 182 182 181 166 133 118 135 149 150 150 125 104 81 53 29 14 16 22 22 24 12 6 41 65 76 78 78 82 98 116
42 77 85 89 90 82 60 60 51 93 107 102 83 39 7 60 60 69 73 85 137 180 169 155 155 148 118 79 29 33 54 65 110 110 133 138 122 98 107 152 137 137 123 128 154 164 168 181 188 185 185 177 170 157 152 160 138 128 128 134 138 134 152 175 193 210 219 219 221 213 195 183 178 187 174 174 136 110 85 63 68 81 91 96 96 86 65 44 19 20 39 56 56 66 85 105
65 102 88 75 71 73 64 64 19 50 93 104 101 74 12 52 52 73 77 92 141 177 176 175 175 155 104 37 33 82 93 109 155 155 168 168 154 139 147 164 145 145 127 128 148 153 165 186 192 194 194 188 164 137 141 162 124 111 111 119 127 143 170 195 213 225 231 231 227 215 204 195 195 212 188 188 142 118 96 89 102 114 120 113 113 95 82 69 55 43 2 15 15 33 55 78
97 121 85 61 56 69 63 63 30 9 57 91 99 92 62 29 29 61 85 111 153 178 185 189 189 147 59 14 74 114 119 133 171 171 174 171 155 146 163 162 131 131 113 119 138 148 168 185 186 194 194 194 158 126 136 156 112 109 109 122 152 180 197 209 218 223 222 222 216 210 203 195 196 212 186 186 155 143 128 128 137 141 136 122 122 117 125 131 110 97 74 52 52 36 28 33
