models/lame/data_carto/DTMBanyulsEPSG2154/small_slope_2_wgs84.asc
ncols        320
nrows        320
xllcorner    3.087906007412
yllcorner    42.451833343014
dx           0.000114985044
dy           0.000114985044
[rows 0 to 46 of 320, columns 0 to 95 of 320]
199 199 232 255 255 255 255 255 247 247 247 251 254 254 242 228 205 159 159 133 115 46 0 37 83 82 82 110 127 119 114 119 139 165 179 179 190 211 234 227 205 213 205 179 179 171 188 198 201 201 198 185 185 174 192 213 205 196 186 175 163 163 168 167 153 148 139 132 135 135 148 170 202 206 198 185 183 181 181 175 179 185 188 190 189 188 188 186 184 172 188 169 119 124 132 132
192 192 231 255 255 255 252 246 249 249 250 254 252 247 237 225 206 174 174 157 131 69 50 72 94 110 110 132 136 123 110 97 94 120 146 146 158 186 228 240 218 213 202 183 183 171 166 172 188 189 187 180 180 174 199 223 215 210 209 203 189 189 187 188 165 147 126 105 112 112 128 157 197 207 207 189 182 180 180 172 170 174 176 177 174 174 174 176 177 171 192 177 135 135 133 133
192 192 223 241 235 225 222 229 250 250 254 255 248 233 223 214 202 180 180 163 126 91 99 110 132 152 152 162 159 153 142 114 64 52 100 100 121 146 188 214 224 207 193 186 186 181 165 155 170 171 171 176 176 170 186 213 222 215 214 213 208 208 203 206 193 173 154 127 111 111 107 140 183 189 197 185 178 181 181 180 181 176 173 171 161 157 157 159 162 160 185 175 140 138 134 134
197 197 212 223 217 212 218 228 255 255 255 255 252 223 215 208 198 179 179 160 118 100 127 146 166 181 181 185 179 174 155 108 59 17 47 47 91 116 140 161 214 209 194 189 189 183 165 152 168 161 155 165 165 165 163 176 210 202 200 200 202 202 200 199 196 189 187 177 155 155 123 132 167 169 177 168 165 175 175 182 187 181 176 171 157 150 150 151 152 147 165 161 136 132 129 129
197 197 199 215 221 227 229 229 253 253 252 255 255 228 213 208 199 183 183 170 163 187 207 217 241 246 246 224 198 188 166 134 116 89 51 51 44 89 116 134 175 188 188 183 183 177 174 177 182 169 161 167 167 172 167 163 201 198 194 191 190 190 192 192 193 193 193 191 182 182 157 147 152 163 172 162 154 161 161 170 175 178 177 169 157 154 154 157 153 144 153 151 136 127 124 124
180 180 178 209 235 237 232 225 244 244 246 255 255 244 215 212 206 198 198 206 235 255 255 255 255 255 239 239 205 198 184 174 170 149 119 119 66 46 96 124 134 142 163 171 171 169 179 195 197 184 174 176 176 179 177 167 185 196 201 193 190 190 192 192 193 193 193 191 182 182 157 147 152 163 172 162 154 161 161 170 175 178 177 169 157 154 154 157 153 144 153 151 136 127 124 124
180 180 178 209 235 237 232 225 244 244 246 255 255 244 215 212 206 198 198 206 235 255 255 255 255 255 239 239 205 198 184 174 170 149 119 119 66 46 96 124 134 142 163 171 171 169 179 195 197 184 174 176 176 179 177 167 185 196 201 193 186 186 187 188 189 189 189 183 182 182 186 181 146 156 172 165 157 174 174 180 170 174 175 166 160 159 159 160 151 146 162 160 140 128 122 122
198 198 167 213 250 232 232 221 232 232 239 255 255 255 220 210 205 199 199 219 244 255 255 255 255 248 219 219 222 227 210 193 193 176 149 149 124 85 77 109 116 111 128 138 138 134 148 170 172 166 165 168 168 174 173 169 165 175 197 191 177 177 174 173 174 174 175 171 170 170 185 196 146 140 154 156 167 202 202 199 171 165 159 157 160 161 161 155 144 152 179 177 145 131 127 127
255 255 206 228 255 255 255 245 238 238 237 243 255 255 232 208 191 167 167 173 189 213 235 240 221 250 255 255 255 255 255 255 255 255 255 255 229 191 144 105 100 123 135 121 121 99 100 104 96 111 126 134 134 150 155 155 158 158 174 178 170 170 162 155 157 161 163 157 148 148 152 169 165 164 176 198 231 245 245 227 196 157 108 92 115 138 138 137 129 154 193 193 147 129 149 149
255 255 229 215 255 255 255 247 242 242 237 237 251 248 219 201 192 193 193 214 236 255 255 248 243 255 255 255 255 251 242 238 238 252 255 255 255 232 201 156 170 194 182 153 153 135 126 112 99 105 102 101 101 121 120 123 140 146 162 171 172 172 168 158 151 153 158 157 154 154 157 174 190 189 201 226 235 212 212 181 159 129 104 95 106 131 131 139 134 155 194 195 150 136 167 167
255 255 255 246 255 255 255 251 244 244 232 230 240 229 205 194 205 232 232 255 255 255 255 255 253 255 248 248 230 225 226 226 223 231 254 254 255 255 251 225 248 247 216 193 193 184 179 171 164 155 129 107 107 105 88 97 125 128 143 162 172 172 174 168 157 155 161 164 165 165 171 183 197 203 217 208 177 165 165 178 189 174 160 155 149 150 150 151 143 152 176 177 153 151 179 179
251 251 255 255 255 255 255 254 247 223 223 221 227 215 194 195 220 241 241 255 255 255 250 246 248 247 238 238 227 225 225 229 226 224 234 234 245 251 250 243 255 255 255 255 255 250 230 207 190 170 141 119 119 102 81 93 101 105 123 146 165 165 174 175 170 168 169 172 176 176 180 184 191 201 215 186 161 174 174 184 186 167 138 123 126 137 137 147 154 163 151 144 148 157 165 165
228 228 244 255 255 255 255 255 246 218 218 212 208 190 167 178 201 213 213 225 227 225 227 232 242 244 241 241 232 226 222 226 227 225 221 221 218 218 223 228 255 255 251 255 255 255 255 239 219 201 185 171 171 157 141 134 76 81 109 134 152 152 166 173 174 178 178 179 183 183 185 187 188 192 205 181 147 144 144 148 151 145 139 138 148 162 162 176 181 146 133 138 141 138 140 140
243 243 253 255 255 255 252 255 238 220 220 212 192 168 146 152 172 188 188 199 200 204 212 224 240 244 242 242 231 220 214 215 214 212 213 213 212 206 206 210 232 203 164 174 174 183 197 210 211 206 197 185 185 166 147 130 55 61 91 119 141 141 157 168 174 179 182 185 189 189 190 194 190 180 182 167 148 164 164 174 169 164 165 161 161 168 168 178 172 104 120 135 125 124 131 131
255 255 255 255 255 244 241 252 223 216 216 210 169 132 113 130 153 171 171 187 197 203 206 215 233 238 236 236 223 214 210 210 206 200 205 205 214 208 197 193 210 195 189 199 199 198 194 199 203 202 201 192 192 167 144 133 87 62 69 95 125 125 149 165 175 182 189 194 197 197 198 204 197 181 177 180 184 187 187 169 145 154 170 164 157 162 162 167 154 85 89 110 117 109 107 107
255 255 255 255 255 245 240 246 212 212 212 207 148 89 64 106 136 158 158 186 205 208 206 209 229 233 229 229 216 209 206 211 212 202 198 198 201 196 181 174 196 210 230 244 244 243 233 224 216 210 212 212 212 198 172 157 128 94 62 67 92 92 126 153 169 180 188 194 199 199 201 211 206 190 189 193 191 187 187 167 137 153 182 180 166 155 155 152 139 65 69 85 94 100 104 104
255 255 255 255 255 253 248 242 208 213 213 204 135 77 69 119 144 170 170 201 212 208 206 213 231 232 226 226 210 202 200 204 203 196 188 188 185 185 179 177 193 206 217 217 217 217 219 220 217 213 214 216 216 221 206 184 152 131 92 79 67 67 75 122 153 170 179 186 194 194 201 214 217 205 199 193 184 194 194 200 174 165 180 188 196 207 207 206 174 116 131 118 94 122 142 142
250 250 253 255 254 249 250 244 209 211 211 189 124 96 130 174 180 188 188 201 202 199 203 214 229 228 224 224 207 203 201 205 198 189 185 185 185 188 187 186 195 207 213 210 210 213 212 210 210 210 208 206 206 214 217 212 186 168 129 100 52 52 15 92 138 165 177 183 195 195 203 211 228 218 203 184 174 196 196 223 221 207 205 217 231 249 249 255 219 172 193 184 155 167 174 174
241 241 253 255 253 231 240 248 208 197 197 169 123 139 187 211 198 191 191 191 186 190 201 216 231 230 225 225 210 208 212 224 215 197 190 190 191 192 191 189 196 209 216 217 217 223 216 208 209 211 208 203 203 202 207 218 216 212 173 102 49 49 0 72 113 151 175 184 199 199 208 211 231 231 212 173 159 187 187 223 244 244 235 223 212 227 227 254 215 176 205 201 172 175 178 178
232 232 253 255 244 211 231 255 198 178 178 152 147 197 225 217 192 187 187 192 196 210 222 232 236 232 222 222 202 201 207 226 230 213 201 201 194 188 185 185 196 205 210 211 211 219 216 210 217 225 223 217 217 210 204 210 221 224 202 155 121 121 40 59 71 122 171 184 205 205 221 226 235 244 235 189 162 178 178 203 231 239 232 218 204 217 217 231 198 175 206 202 173 174 175 175
225 225 248 255 228 203 230 255 185 163 163 150 174 217 218 196 178 184 184 205 222 236 243 243 235 227 212 212 184 175 171 187 210 215 207 207 194 182 179 182 196 202 204 209 209 225 225 220 231 236 228 224 224 210 204 210 221 224 202 155 121 121 40 59 71 122 171 184 205 205 221 226 235 244 235 189 162 178 178 203 231 239 232 218 204 217 217 231 198 175 206 202 173 174 175 175
225 225 248 255 228 203 230 255 185 163 163 150 174 217 218 196 178 184 184 205 222 236 243 243 235 227 212 212 184 175 171 187 210 215 207 207 194 182 179 182 196 202 204 209 209 225 225 220 231 236 228 224 224 223 214 203 205 215 213 194 179 179 100 23 32 105 168 181 203 203 222 231 239 249 245 203 169 169 169 176 193 205 215 221 217 224 224 212 194 177 206 203 174 174 176 176
219 219 232 233 214 204 229 254 173 161 161 169 193 207 179 158 165 193 193 225 235 238 242 241 231 219 203 203 174 176 168 158 171 191 196 196 189 179 176 176 190 197 202 214 214 233 226 213 220 220 214 214 214 219 216 206 200 219 227 213 205 205 148 48 18 65 144 165 186 186 211 220 233 245 243 216 191 181 181 178 184 184 196 217 223 217 217 200 199 182 206 203 174 174 179 179
213 213 204 198 196 189 193 202 175 194 194 211 215 199 189 204 227 244 244 247 239 230 226 240 216 215 213 213 202 234 231 209 183 169 173 173 178 175 166 160 178 184 198 218 218 226 210 192 195 194 200 201 201 202 207 214 215 225 235 234 236 236 214 168 122 59 47 83 131 131 169 195 222 234 240 238 234 231 231 233 235 222 208 215 228 198 198 165 180 206 233 223 185 185 189 189
207 207 191 187 186 172 168 161 141 167 167 187 191 186 191 212 232 240 240 238 234 230 229 242 209 214 207 207 192 232 233 220 208 189 181 181 184 184 181 178 187 191 202 216 216 217 200 187 193 191 197 194 194 192 192 197 208 220 229 234 241 241 218 182 154 96 53 17 92 92 145 168 206 220 226 226 220 217 217 225 234 230 217 211 219 193 193 147 151 203 243 244 211 210 214 214
194 194 181 184 179 157 145 113 102 123 123 142 160 176 194 214 229 233 233 233 232 230 231 238 212 210 192 192 175 222 228 220 219 203 190 190 190 192 197 199 200 199 202 207 207 201 186 187 204 195 199 191 191 182 177 182 201 217 226 233 240 240 223 193 169 106 51 15 56 56 118 143 174 190 204 213 214 216 216 225 229 228 220 207 207 188 188 146 144 186 229 241 216 219 231 231
188 188 181 182 172 149 127 68 70 97 97 120 143 165 186 207 217 218 218 218 220 219 216 220 210 196 178 178 167 215 221 219 227 220 208 208 202 199 198 195 199 201 200 197 197 192 183 194 205 170 178 180 180 181 178 180 200 219 231 235 240 240 231 217 193 131 93 50 27 27 63 105 156 166 175 188 201 217 217 227 228 228 223 206 194 182 182 165 167 177 210 218 186 183 201 201
195 195 184 177 166 148 116 35 52 88 88 111 131 152 171 189 194 192 192 194 200 200 196 202 200 183 173 173 171 218 221 216 226 230 223 223 213 200 186 173 195 201 198 194 194 191 181 180 180 124 144 172 172 185 178 178 198 215 233 241 243 243 238 237 222 168 136 96 41 41 0 81 160 170 166 168 184 208 208 219 225 236 235 214 196 193 193 194 190 170 199 208 175 166 174 174
198 198 182 169 161 155 111 25 74 97 97 109 127 147 162 171 174 177 177 184 189 188 186 197 195 182 178 178 173 217 221 210 207 206 206 206 206 198 184 172 201 202 197 194 194 189 180 174 176 138 153 177 177 175 169 175 195 206 218 232 237 237 235 242 239 192 155 118 58 58 65 55 129 158 163 162 177 195 195 203 217 241 247 230 221 218 218 215 208 176 198 206 180 179 180 180
183 183 169 158 156 157 91 27 97 103 103 106 128 149 159 160 162 169 169 176 183 184 187 199 191 177 172 172 159 204 213 205 199 193 193 193 198 204 208 207 220 213 209 207 207 203 198 190 184 164 164 168 168 164 163 170 189 192 196 206 212 212 218 233 238 206 177 161 140 140 124 64 56 106 127 148 179 187 187 187 201 234 245 240 242 239 239 229 218 191 206 205 176 179 181 181
172 172 163 159 161 151 59 58 107 113 113 118 134 152 160 158 163 168 168 173 181 186 194 201 179 168 161 161 139 184 200 203 202 201 200 200 198 204 220 230 237 233 231 230 230 224 217 201 183 166 154 154 154 172 171 171 186 185 186 192 193 193 205 225 224 204 194 195 197 197 190 151 48 61 83 131 180 184 184 176 181 212 228 225 223 222 222 218 217 209 221 215 182 183 184 184
160 160 158 159 149 112 4 83 113 125 125 134 144 158 162 160 165 169 169 173 180 185 194 193 170 166 161 161 138 173 186 192 195 196 196 196 195 203 219 233 238 236 236 233 233 228 220 207 192 175 158 139 139 163 167 166 179 180 182 184 184 184 196 216 215 206 202 202 204 204 197 163 86 56 38 73 132 150 150 153 155 176 194 194 183 180 180 184 195 222 242 229 191 194 196 196
138 138 143 143 118 65 22 97 112 129 129 145 150 157 157 155 162 163 163 164 169 175 184 180 168 171 174 174 153 178 177 176 179 184 188 188 192 201 216 226 226 224 225 225 225 223 220 213 201 184 150 113 113 145 152 159 170 173 173 175 177 177 182 198 211 212 209 213 216 216 210 192 162 149 141 138 140 128 128 113 92 90 115 134 137 143 143 152 157 190 238 237 198 202 205 205
139 139 141 139 107 47 40 96 106 130 130 152 153 155 155 158 167 165 165 161 167 176 186 178 170 183 190 190 163 191 184 173 174 181 189 189 193 195 199 206 214 216 220 220 220 220 216 204 188 164 119 119 119 154 151 156 162 164 162 166 167 167 175 192 203 207 209 215 223 223 220 206 181 169 163 166 176 178 178 172 157 136 117 97 57 15 15 12 16 30 136 200 197 194 193 193
144 144 142 141 110 50 45 88 101 131 131 154 153 154 157 163 169 162 162 158 166 176 181 165 163 179 177 177 132 177 188 183 183 187 194 194 193 187 187 193 203 205 212 217 217 217 207 187 167 142 120 145 145 170 155 150 151 149 147 147 152 152 165 181 190 197 204 212 222 222 223 209 183 169 165 169 183 191 191 197 198 200 206 201 184 168 168 151 131 98 29 75 145 163 174 174
146 146 147 150 125 72 47 77 98 129 129 150 151 154 159 165 166 160 160 159 167 175 174 157 167 172 155 155 88 133 159 172 184 191 195 195 190 180 180 190 194 200 213 218 218 212 199 187 167 142 120 145 145 170 155 150 151 149 147 147 152 152 165 181 190 197 204 212 222 222 223 209 183 169 165 169 183 191 191 197 198 200 206 201 184 168 168 151 131 98 29 75 145 163 174 174
146 146 147 150 125 72 47 77 98 129 129 150 151 154 159 165 166 160 160 159 167 175 174 157 167 172 155 155 88 133 159 172 184 191 195 195 190 180 180 190 194 200 213 218 218 212 199 182 156 127 132 169 169 185 162 147 135 128 133 140 149 149 156 169 181 192 201 209 219 219 221 207 180 168 168 176 194 205 205 209 203 198 199 195 191 195 195 192 170 120 116 58 20 56 100 100
153 153 155 157 134 91 59 65 96 127 127 146 150 154 159 163 164 164 164 166 170 174 173 165 175 167 150 150 77 99 118 136 158 174 184 184 187 178 177 186 194 209 221 215 215 198 169 133 97 104 148 179 179 192 172 150 107 106 125 140 146 146 153 168 182 191 195 201 210 210 213 202 179 169 172 186 207 213 213 211 200 191 184 180 185 194 194 196 186 137 156 136 54 26 13 13
199 199 197 181 156 120 97 74 77 122 122 148 145 142 146 156 165 179 179 173 159 167 174 177 180 178 177 177 109 109 144 156 152 148 152 152 164 171 168 169 191 206 204 168 168 119 117 134 137 142 147 154 154 172 177 147 112 109 113 126 141 141 149 154 163 174 178 183 194 194 198 190 178 178 188 198 206 205 205 196 182 174 172 172 175 179 188 188 200 206 231 220 141 102 94 94
195 195 219 207 171 127 98 56 62 115 115 143 140 136 141 153 166 183 183 173 154 166 176 180 184 190 187 187 110 74 112 143 162 167 168 168 165 161 158 165 185 191 172 121 121 118 138 157 165 153 140 142 142 156 171 164 131 124 123 132 145 145 152 153 157 163 165 167 178 178 182 174 178 186 187 190 197 195 195 188 178 174 174 175 181 183 184 184 194 207 248 249 202 169 134 134
171 171 213 226 192 138 101 49 56 107 107 133 132 135 143 155 167 184 184 172 153 164 179 181 181 194 191 191 127 95 122 139 166 178 177 177 172 170 173 178 183 168 128 94 94 130 151 175 184 165 145 144 144 151 159 162 139 132 128 131 143 143 152 156 160 164 160 158 167 167 169 163 191 199 191 186 192 191 191 187 178 174 175 180 191 188 183 183 186 193 240 242 202 189 169 169
155 155 183 212 197 150 111 48 51 100 100 123 120 132 149 160 170 184 184 172 152 161 180 178 174 191 190 190 154 152 149 109 121 142 152 152 161 174 181 176 166 142 105 94 94 133 155 182 196 177 151 144 144 146 149 152 136 137 136 134 140 140 153 160 165 174 166 160 165 165 166 171 193 184 171 174 188 190 190 187 178 174 177 190 200 188 182 182 185 184 226 226 181 181 180 180
161 161 175 197 195 165 123 47 46 94 94 115 112 130 155 166 176 186 186 174 152 152 171 171 170 182 186 186 175 178 149 70 69 97 122 122 145 162 162 154 141 123 101 100 100 136 156 183 199 189 169 156 156 144 137 140 133 143 148 145 143 143 148 154 161 176 167 159 160 160 153 151 137 126 129 160 186 190 190 187 179 176 187 202 201 184 181 181 184 185 221 228 186 186 184 184
187 187 187 198 199 178 135 50 47 92 92 111 108 131 160 173 181 186 186 177 149 137 157 167 173 170 173 173 177 182 159 110 111 107 118 118 143 152 149 143 131 114 97 103 103 136 155 177 190 190 183 171 171 152 136 135 141 146 150 149 141 141 133 130 147 169 162 153 147 147 129 109 89 98 127 168 187 189 189 186 180 184 201 209 198 182 181 181 183 188 224 235 196 193 187 187
221 221 219 209 208 190 144 50 52 97 97 109 106 133 164 178 183 185 185 175 144 134 154 168 177 165 159 159 166 175 165 147 144 104 91 91 120 134 137 132 129 116 103 110 110 138 155 172 175 175 177 175 175 163 144 135 145 146 152 158 154 154 138 126 142 166 157 147 140 125 125 107 96 117 148 179 188 188 188 186 185 197 211 208 193 182 181 181 184 190 228 239 197 195 190 190
231 231 245 224 221 199 147 49 59 105 105 111 110 142 166 178 185 184 184 167 147 152 165 175 174 161 158 158 161 168 166 159 151 109 99 99 127 125 125 120 126 118 108 114 114 138 154 166 165 166 171 172 172 167 149 134 139 147 160 170 171 171 156 136 145 166 159 148 141 132 132 123 116 127 149 173 179 181 181 183 193 208 214 203 189 181 181 181 185 192 231 241 200 203 207 207
237 237 253 238 234 203 147 46 65 108 108 114 120 151 165 174 184 180 180 165 162 170 172 178 161 153 164 164 163 161 155 156 157 134 140 140 136 88 87 106 128 117 108 115 115 137 149 160 164 165 166 168 168 164 152 137 118 126 140 150 156 156 145 133 143 158 154 145 140 133 133 130 125 125 141 162 166 168 168 172 186 204 208 197 186 177 170 170 172 191 236 243 211 224 234 234
