models/lame/data_carto/DTMBanyulsEPSG2154/small_slope.asc
ncols        321
nrows        250
xllcorner    3.087906007412
yllcorner    42.451920815321
cellsize     0.000114626835
[rows 162 to 179 of 250, columns 160 to 199 of 321]
16.25461625222668971 43.983124433544062981 58.732257534836911361 57.291132465876231095 49.663837843558148677 43.676691798746873019 42.592875316434117394 38.22707028349439895 15.94108384728864003 4.5203048244473320594 1.0128372269733214583 1.4320961841645905022 8.5901282138981862602 10.219905221567946896 10.219905221567946896 8.9850285696899803156 8.5891738023062469409 11.18017308982657454 11.690556709334769536 17.473751078113220814 46.060708267299986574 49.578348354790044539 35.444115682654505406 9.2571318278782293021 2.5444437451708134141e-14 49.19193080362736481 74.415291387880174057 75.525179701134945276 69.766916534881346479 49.000272759557638835 12.979451743144107212 20.556045219583467087 20.556045219583467087 31.535246214103903384 44.284190309646412231 50.343535361054598809 49.168336299979074511 40.044489235074919975 27.807172423330619893 31.73951390489483515
45.722463235562273098 60.333170790561766239 53.975618891357662221 45.079121689391129735 50.310647029361568627 33.893563691700421714 8.646709703653584711 1.4320961841646413504 4.5209226305814418367 7.8622794996449041349 4.5209226305814267377 5.4387913488876105106 17.185941559366920472 6.1380715512920822619 6.1380715512920822619 14.305176981485086429 15.823572200112700159 16.699244233993614017 14.628480329401302384 12.334747118560136059 14.036243467926491135 34.594488900930222997 51.343260337027594176 49.724293719760375154 33.893563691700457241 27.032104994695536959 29.363799565771788735 33.501139596516821939 46.977929832142748978 75.243118280902578476 70.290067284926706748 33.900924391252296175 33.900924391252296175 30.440926675162433668 19.404197225521098602 11.395683790074723873 11.309932474020149229 10.21990522156793979 9.09557579914449299 4.168928616626236483
52.233541882860180294 55.474886721350422647 45.70674388201546634 46.697421961863128104 42.866285094373481002 10.316683499006312985 5.7115663472818845037 5.0511697709192073802 5.0515835825261738989 4.5209226305814347313 6.1377326756153989251 7.0547304002418540492 17.679227953977232346 1.0128372269732677236 1.0128372269732677236 20.199061304015689444 16.312739337313626464 6.4579680358920956706 10.457250675568728226 7.2646738912624364559 4.1689286166261796396 12.058953669365880756 36.091159645527127964 48.616366724558780277 48.755121290272185774 47.432468837268714879 43.17525054353129832 38.87672903289741555 36.631689564645881774 74.679556832655379139 74.167568290710022438 13.342584524488193765 13.342584524488193765 7.6686977443696244805 3.6475704291203809859 2.2636748550610032993 3.0359836297608140399 7.8622794996448783778 6.1377326756154415577 9.2566911759264058901
57.642393565413591716 56.423973163983035306 53.362373728908295334 44.215730489377875756 18.544348771142178833 7.3336862801847848559 3.0359836297609215094 1.4320961841646413504 1.0128372269732226485 4.289153328819016231 6.3795873026142757567 5.1509226241544654457 14.726657535310049951 3.0359836297609481548 3.0359836297609481548 20.601069899521455397 12.491309688733526428 6.7629756902396200857 4.5203048244473240658 8.050148421300697521 12.943481551967805032 12.334747118560088097 21.194285876704842764 26.352556147123344488 25.578193669738539029 24.941008345748773678 21.568465497613477311 20.023518450558881909 57.053860324314690899 75.913892649627015885 69.851761616922146914 8.6467097036535136567 8.6467097036535136567 8.1113742734030598314 6.3795873026142526641 3.1997108618298195637 5.0519973595330300853 6.4590397813595741283 2.2636748550610032993 2.2636748550609873121
61.298399773700559479 58.041773869551505527 46.939857978432918628 18.373380521281660549 1.4323417665368209928 5.1512606515718859512 6.1377326756154237941 8.6467097036535971455 11.180173089826560329 11.395683790074752295 11.180173089826565658 8.5307656099481157241 10.781297392179672201 3.2000395238732646241 3.2000395238732646241 16.72907373392670749 12.604801329488797279 16.054321247617725277 18.004161605913392208 16.310708795729095044 15.910852675495769759 20.702877821138507386 27.363300828726870861 27.363300828726917047 24.112776641957765378 14.037076121613864643 2.2639852040999133287 6.7629756902395490314 70.446568187094015911 75.346648518036133169 49.855863227369184187 2.2636748550610192865 2.2636748550610192865 2.263674855061026836 1.0128372269731957811 1.0128372269732317523 6.7638952587165066532 4.5209226305814018687 3.2000395238732868286 2.0250418492828474726
52.234198893890749105 12.057440837600267969 10.316683499006231273 13.936018397545730352 11.396123165394364207 12.057440837600319483 14.203876879847220138 13.798119773018369116 12.176839902979725849 12.489564779483746548 13.37805185571375155 14.204287492156495887 8.2941762387770783249 6.0550139863365100013 6.0550139863365100013 8.0501484213005838342 9.2571318278782328548 12.017870137550769272 11.648749293562097762 12.057440837600280403 6.4579680358920539263 15.618596158781111072 21.214545618433305663 13.834208271609385932 1.0128372269732048849 51.846580999859554595 69.70313663675568705 75.283266728402963963 74.357537324305894799 48.08135169217289473 1.4320961841646666635 1.4323417665367828011 1.4323417665367828011 1.0128372269732317523 3.1997108618298426563 2.2636748550610112929 14.037076121613850432 30.975899684880346285 25.996653315369833592 22.794437532651127043
36.448801572224631684 19.583643338114313792 24.941008345748784336 20.535708447524822162 15.101051599308570772 14.724689583619174016 17.677023048791905779 18.202155836376036291 16.054321247617711066 12.979451743144114317 10.642698317271619857 14.03772370141469672 10.025830376075687056 9.468207948891709691 9.468207948891709691 12.489564779483753654 7.8609696009588807541 4.5203048244473009731 13.519746995132276624 12.17683990297974006 4.5209226305813707825 21.373665807491615709 21.373665807491679658 5.8860729067273345194 51.849331581908792543 74.574730781709902772 75.261801161693455242 69.427062540551432335 48.533050720098074748 2.2636748550610672481 3.2000395238732077807 2.263674855061026836 2.263674855061026836 2.8628954720615045204 3.2000395238732757264 5.4387913488876513668 24.687618770494843545 18.853064570866205685 17.159283954061063326 26.220865852674940299
22.737717649134150832 33.501139596516800623 29.651797958086579143 21.43048734865641336 17.367072538583723684 19.695148544667180346 22.202113493474776362 19.335565281937746818 17.676603027465631612 16.054321247617696855 14.303004935610070802 17.678073046963191928 13.832679192497195686 14.724252218853372653 14.724252218853372653 14.203876879847250336 11.049109815564602144 14.305176981485020704 16.726823857088259473 15.823572200112716146 21.571153729708704816 25.084113998373702259 9.2577927637157024776 51.085452622354203811 74.646229250069893624 74.502742808746063474 50.245673391564828592 2.2639852040999288718 3.2000395238732983749 2.2639852040998644789 4.2898864121799009652 2.0250418492829367345 2.0250418492829367345 6.1380715512919419297 3.1997108618298653049 7.6686977443696342505 22.593827559408993011 25.892665693022696161 31.398313941889135492 22.146440908247388535
21.432521710442898666 12.942719786526330594 16.726823857088223946 19.335565281937707738 19.936494458305741517 16.168785466246880844 13.832679192497202791 18.004589058627509246 23.343537692555312191 26.593683843725671068 29.840456826636724941 34.120962107075108349 27.241628670805116741 15.618596158781119954 15.618596158781119954 8.9862415755113680405 11.18017308982658875 29.319228712843081297 23.291558651870523988 37.886059946875136006 18.054737832840597633 50.668281001358373317 74.574730781709916982 74.282965288736150455 49.827799145367848155 2.5444437451708134141e-14 1.0128372269732317523 3.2000395238732983749 2.8628954720615045204 2.8628954720614281371 3.2000395238732646241 7.0547304002418362856 7.0547304002418362856 9.0952390327824659266 6.4579680358920317218 8.2941762387770499032 14.204287492156437267 14.724252218853417062 15.823893257052894512 10.074980516124067975
11.691809465902300857 11.397089725090962631 9.2582333595518093716 3.2000395238733325698 2.8628954720614538942 2.0250418492829278527 7.1262261223852112479 12.178744135619510303 9.5214848439044601491 11.180591917345502395 15.436661011534358323 30.657056757896171462 37.064259325345304319 17.678073046963174164 17.678073046963174164 22.991534892493795894 17.679227953977246557 23.846197475214420791 28.638726279009393494 23.589406811567947386 51.105882104855936632 74.788375258911912624 74.502907645349409904 49.855863227369177082 1.0128372269732677236 1.0128372269732317523 3.0359836297608855382 3.0359836297608677746 1.0128372269732137667 2.2639852040998809102 1.4320961841646160373 5.7115663472819102608 5.7115663472819102608 5.8860729067273016568 2.2639852040998724725 5.1509226241544343594 8.0501484213005571888 5.0511697709192331374 2.2639852040999288718 7.0547304002418709246
9.2577927637156758323 14.305176981485040244 12.682488529015383705 4.1692639815495349254 50.730235220803869822 69.316659245595658945 73.39496850442517939 73.414562611874288223 73.234163091219514286 69.0143307875411125 46.941142614224553142 30.341448783986070481 36.32912936653417546 34.618716896371019232 34.618716896371019232 24.828514991685114666 36.448801572224624579 18.055964470178231807 35.065140580526581005 16.05692365701668578 70.340670200928173017 75.508491480910024052 50.65634630894246726 3.2000395238732983749 2.2639852040999133287 1.4323417665367828011 2.2639852040999532967 2.2636748550610032993 2.2636748550610192865 5.6895491791260910507e-14 2.2636748550610112929 4.1692639815494807465 4.1692639815494807465 5.0519973595330620597 5.0519973595330878169 2.0250418492829549422 6.4590397813595519239 1.4323417665367319529 1.0128372269733036948 1.4323417665367828011
49.132863808538026262 69.588441001973038169 73.833306362627325825 73.446397688858610309 75.077515631545551855 75.033003131858450274 73.333802497593993053 73.360201897029909901 73.141850098972724936 75.222975686844335996 74.350265667339229481 64.934669368336884077 32.194123264009533614 42.031128816555245464 42.031128816555245464 39.119476796694002019 48.823680676822519331 8.6480916952018347388 37.363624311200908323 47.467800532732063346 75.686987339174493172 70.028829647284766224 2.5444437451708134141e-14 3.2000395238732983749 2.2639852040999133287 1.0128372269732497379 2.2636748550610192865 2.8624052261117118867 3.0359836297609033018 2.2639852040999368654 2.2639852040998644789 4.1692639815494452193 4.1692639815494452193 1.4323417665367828011 7.8609696009588825305 15.101051599308567219 15.466981613664147588 8.985028569689987421 3.0359836297609033018 1.0128372269732497379
75.304825641100364919 48.148442841191723574 25.685930214386690551 17.36986380443968514 8.1113742734030989112 12.057440837600328365 9.2566911759263597048 14.726220239542479717 21.214545618433270135 25.037886170752589265 23.433134507368105659 47.556317112819030513 74.908769085928227582 66.711335892886395982 66.711335892886395982 49.851179439651048142 61.217581533305853725 18.945082132303696199 40.832846262698240025 73.285987704783906338 73.087402445627787984 31.160133743394901273 32.562397639829768536 33.043227318619997845 32.522504112149071887 31.535246214103825224 31.051323524098002338 29.992277059423315677 26.679282668809680246 20.888175783147396203 17.369863804439614086 19.827993729594915351 19.827993729594915351 24.63644943921040209 22.407074980770644856 15.101051599308515705 15.072083119908024074 17.369863804439450661 6.4590397813595261667 3.2000395238732757264
69.867857321526287251 9.8779208270121348079 26.583103128901839796 22.867459614540983637 10.026639117412663893 9.2566911759263366122 12.176839902979718744 12.980590689824653694 20.454071846232412923 28.358551675990437246 29.463666442921471855 23.00926109302127287 69.524985006367415963 73.884278795719993127 73.884278795719993127 25.530317877371970781 61.418078000735768285 40.907735813332102737 37.415233058760414053 67.555817425023619194 75.397236813988186555 55.941423782305527368 24.522912953657556301 24.828514991685082691 23.167635238506409934 22.499415987105706449 24.26081091547700197 25.682278051409674902 25.453998881570999657 29.711602609874187664 36.594839639307878087 30.259848558695139786 30.259848558695139786 18.945082132303753042 12.604801329488877215 10.025830376075687056 17.185941559366884945 15.378764264195082134 8.1125571794327271391 2.2639852040999857152
50.668281001358380422 6.4590397813595519239 23.710071719165451753 24.048235092137637992 16.397218481544378221 7.6686977443696040524 8.6467097036535509602 9.2571318278782204203 19.22438828502341579 32.516800928159447892 31.0115549910167978 14.726220239542533008 49.40590085365520423 74.157941204329503648 74.157941204329503648 65.537758038268336236 52.293002345947179776 57.364992871151855525 12.98140053818848294 34.548278743185484529 74.833040501995071736 69.168235558491474535 7.0547304002418007585 3.1997108618298653049 5.0519973595331126859 1.0128372269732137667 2.2636748550609873121 5.0515835825261561354 8.2941762387769806253 19.47128242153174682 39.04483483734762217 47.80419678745740697 47.80419678745740697 46.466316818781429276 40.511187976169431124 25.206696748661908458 12.943481551967686016 10.644466627218472254 8.112557179432766219 4.1689286166261929623
3.1997108618299221483 5.4387913488875581081 19.338605003620308764 21.571153729708715474 20.849027334306782677 15.618596158781086203 5.1509226241545329472 6.7629756902396040985 17.981901251190212321 34.728260840816197685 29.038315177021942759 7.8622794996449023586 1.0128372269732317523 67.741458640896965449 67.741458640896965449 73.983047588289537089 30.97788584579369342 62.941114217978544332 38.333121738764859288 49.141787125884285103 65.834202945655647454 74.727041638028879333 47.625252249053374953 4.1689286166261760869 4.5209226305813459135 2.5444437451708134141e-14 2.2639852040998889038 3.6469944561423495166 10.31521326012285833 19.153455233707752825 23.167635238506441908 32.966631199375733274 32.966631199375733274 36.632274910077249785 39.177988964977416231 35.441881367269317593 22.144990405352235285 13.832679192497186804 7.3336862801847280124 4.1692639815494416666
5.0515835825261916625 1.4320961841646413504 8.1125571794328177333 13.521437790436223736 24.379018792529670634 27.582234489444321213 12.606057278422083456 2.2636748550610432673 17.369863804439496846 36.417399263504464102 28.320162655334883084 6.3802385393356395582 3.0359836297609033018 3.6469944561423446316 3.6469944561423446316 50.025465894691343749 73.804163999620200798 68.009563603763609763 51.697601389612280798 37.909779213229178652 45.330347106717212569 69.063023576424299677 71.71248375856046664 10.074645299869439796 11.648749293562087104 15.910055325653686964 23.586960554553868974 28.303762117630824946 23.343537692555308638 12.017870137550834997 18.448488853486658456 18.853064570866131078 18.853064570866131078 10.220565313618326542 6.3802385393355036669 10.826786684680067552 15.347828783177817513 13.090873403287316634 8.11213473386116668 5.1509226241544618929
11.180591917345477526 6.1377326756154220178 4.5209226305813787761 7.3343436933311085824 19.562836095664057012 31.87422588312200844 21.745840760497255673 6.0550139863365544102 18.664416196200068754 36.87461548349760676 28.814944202952343488 5.0519973595330620597 3.2000395238732757264 3.6475704291203205898 3.6475704291203205898 18.375646117476915009 50.310647029361568627 70.60464919744082124 29.937334501353692673 58.774031246160944875 18.56743339612367194 54.50991665700644262 70.719250852246986483 68.746389099680996537 50.079498144216579192 16.755086573945526141 23.062613805413704426 15.616639103332250471 10.644466627218589494 22.593827559409035644 20.889651244945046216 13.800101510370730296 13.800101510370730296 9.4696415642993976292 9.0406990282141102 10.07464529986941848 9.5214848439044388329 10.026639117412663893 8.5901282138982590908 4.1692639815494896283
