models/lame/data_carto/DTMBanyulsEPSG2154/small_slope.asc
ncols        321
nrows        250
xllcorner    3.087906007412
yllcorner    42.451920815321
cellsize     0.000114626835
[rows 216 to 233 of 250, columns 120 to 159 of 321]
20.704072690636703413 20.704072690636703413 39.616729077995394448 45.51408338352212013 33.532146318454053358 17.548683211568668838 12.489564779483757206 11.180591917345472197 9.4682079488917008092 12.980261672480486013 17.159283954061006483 16.056923657016639595 16.729073733926636436 14.630485585732886378 9.2582333595517525282 7.1254518919991651771 13.521437790436383608 39.846886002968915363 42.215543897656459649 42.215543897656459649 16.837124244029027409 50.273270618725177883 74.234902777282655961 74.465069869501334665 67.489730152191270918 43.383660349088422947 31.020819555962546588 52.727337867759452195 62.753062759946011795 65.58200441031902983 29.687226007603740641 21.27150594167915898 11.648749293562028484 12.757962624617142922 13.344350192857136861 9.0955757991443313415 5.4381518116335145763 5.4381518116335145763 4.168928616626201844 3.6469944561422358298
39.126207171352341163 39.126207171352341163 43.638200444955359103 32.763762304760810196 7.2658120200363791596 5.8851883115584309181 5.438151811633478161 6.1377326756153713916 6.4579680358920068528 13.090873403287176302 24.264073797929675891 20.390516422864767065 11.650464381048310614 6.7638952587165546149 4.520304824447364922 6.3802385393356173537 15.439141581454897789 29.428115080105861523 32.25382763940683617 32.25382763940683617 29.509280785457995933 31.790095767585029307 29.331165986744981211 21.843330670538026794 44.360675243145017532 74.412172507905694374 68.77224205433537918 21.569218249839938295 40.804539381927931174 70.469116221572733139 69.397713349285211848 9.2571318278781973277 11.005009443989425932 5.0511697709192366901 5.0519973595330656124 4.1692639815494541011 4.1689286166261672051 4.1689286166261672051 5.0511697709192109329 5.4381518116335012536
38.227070283494363423 38.227070283494363423 36.090587267312422171 14.726220239542460178 6.3795873026142420059 6.4579680358920867889 5.8851883115584548989 8.6467097036535918164 8.6467097036536433308 12.335712398748153618 22.148189102781437043 16.056923657016636042 7.6686977443695658607 6.137732675615413136 5.4381518116335012536 8.5901282138981827075 15.103258638676457792 22.354168200576001624 23.009555263121029611 23.009555263121029611 25.683025151453421131 35.944561304784578226 40.349594118765757855 32.070478100177112424 18.946299017714643753 73.34793923289645079 73.857792649276575503 23.346897625120170972 29.038315177021910785 66.994158312860136562 73.509003949078362439 7.3336862801847164661 11.005009443989356654 7.3336862801847972904 2.2636748550610348296 2.8628954720614792073 1.0128372269732317523 1.0128372269732317523 4.0450370441226182194 5.4381518116335145763
34.736196924617431137 34.736196924617431137 23.13529578676786258 2.2639852040999133287 2.2636748550610512609 8.5891738023062629281 7.2658120200363169872 9.8766879235970712614 11.396123165394369536 8.294836499538920549 18.664416196200026121 12.606057278422028389 10.457250675568753095 9.2571318278781706823 6.1377326756153713916 9.2577927637156616214 15.072083119908036508 18.006623556431961219 15.346579714268086647 15.346579714268086647 22.864243634161461216 35.275260818985401556 43.400930515201871174 37.206862590003858315 18.853064570866170158 73.332085053181671697 73.500027108750586535 27.146043270109679213 24.895866708149068103 66.95690896314383167 73.264398460870296503 2.0250418492829012074 7.1257906285733119134 8.1121347338610689803 4.1689286166261361188 3.035983629760849567 1.0128372269732497379 1.0128372269732497379 5.0519973595330878169 3.6469944561423446316
26.162619008541465604 14.978157593788735014 14.978157593788735014 24.702225129870040377 26.85022264568520356 19.472765232783459055 33.04770664619577758 15.912287783218085124 11.049443198960160473 8.5901282138981898129 15.132568953450558524 29.651797958086564933 30.178155617915983555 36.882094989476939872 13.090873403287272225 13.521872527018881982 17.183493690200585036 24.522912953657616697 33.024532019755078238 31.051323524097970363 31.051323524097970363 49.880260643531521225 57.913716708682272838 40.731032174988037298 11.690556709334812169 52.271695987176478582 74.946199097170634218 64.376020200377340075 20.559276746462785468 67.064128014189890337 73.024897929334940727 2.2636748550610912289 3.6475704291204009699 6.7638952587165466213 4.0450370441226182194 2.2636748550609953057 2.2639852040998889038 5.7115663472818587465 5.7115663472818587465 4.5209226305813707825
29.796022781397784485 25.653413212522018227 25.653413212522018227 28.737847092455076847 16.254616252226696815 27.73022547560329798 35.677364942968758044 12.682488529015394363 11.18125003991399069 21.432521710442905771 31.020819555962539482 28.761771229959045115 30.667763924344193072 45.97783860371297493 17.548683211568668838 32.48487579250596724 23.706506137732581863 21.801409486351783329 26.46602054542660909 16.055149342594614126 16.055149342594614126 58.832470412766191714 61.337895868377749764 32.365829520869596081 6.1377326756154415577 10.826786684680008932 73.382373817755066625 69.937811899328153231 20.026613628954546442 67.279735451475431773 73.148432361045237826 5.4381518116336344804 5.0515835825262804804 5.1512606515718335487 5.8860729067272714587 6.3802385393355383059 11.977723525229322377 16.055149342594610573 16.055149342594610573 17.677023048791898674
36.787446023160050856 28.470673390588515872 28.470673390588515872 18.591211238556255125 2.0250418492829012074 32.030383077501532796 30.890956394660534556 19.335565281937743265 29.460945613877523641 32.830584792464030386 32.484875792505988557 19.153455233707752825 32.091301342181374423 43.219228755464655478 39.176629796523734228 35.214370685021656016 19.562222037182575463 6.4579680358920867889 17.550943787528211715 23.064665938248229082 23.064665938248229082 62.544075438606206774 60.419159872918427823 24.752186394941947611 7.6677565345431171195 14.883624881830792575 73.52563640019238278 70.360847109180767234 42.863440012456258899 71.27906583229614057 69.319197995593228256 4.0450370441227070373 5.8860729067274180082 6.7638952587166016883 10.22056531361839582 13.936018397545666403 17.652388933001660121 16.836491870282561223 16.836491870282561223 12.334747118560180468
34.336651617463907371 23.343537692555301533 23.343537692555301533 14.10348583736435657 11.180173089826533683 30.305327803180631463 41.278929024989722052 46.303682439474663113 45.147129605072578329 37.819242830516571985 30.247387921406239997 21.665921471051028391 33.227956442583838736 40.199706418410201536 37.329233506760260752 24.684970424693034374 24.264073797929704313 7.8609696009588398979 15.618168078124911702 37.773074561967071361 37.773074561967071361 64.628874339071728627 58.970516559612072172 27.993277310741497388 17.367072538583745001 18.276314517264985682 70.568272126724494342 73.753386268632752376 63.582918684805676435 71.561448731160211878 48.96986294791683747 4.0450370441227070373 8.5901282138982928416 11.397089725091081647 13.09087340328722604 14.205245533647991252 12.944243266362443379 7.1262261223851730563 7.1262261223851730563 5.4381518116335714197
24.829958731524659044 21.191393128548202895 21.191393128548202895 23.343537692555344165 28.470673390588547846 32.761399361656103224 30.10825963222194801 23.910770391080195196 21.571153729708665736 14.305176981485040244 9.2582333595517631863 9.5214848439045383088 14.853448940473070294 29.319228712843116824 32.121249832556372894 27.199549469332058749 18.591523006449623523 32.573491343409067156 59.826558234946119796 69.007238044917912134 69.007238044917912134 64.251125507587374841 33.793170838403554512 10.457250675568756648 18.780957779635592431 17.753904117973064558 23.996694597467300269 38.05759205645313159 55.443488041818795864 40.55903287932439838 12.981400538188511362 6.7638952587166416563 10.781297392179615358 7.2658120200363853769 7.054730400241818522 11.180173089826533683 13.798119773018354906 14.303004935610049486 14.303004935610049486 14.851111176897784816
16.727948842209283242 6.4579680358920885652 6.4579680358920885652 6.3795873026142819739 12.17874413561958491 16.729073733926671963 10.025021564107465366 24.942137953783717563 37.604654951234891769 29.460945613877434823 26.393933599574125992 17.880006948284531632 30.362967813019007934 46.408317818597026871 43.542746629195171693 35.432789822456349782 44.73463107027563268 62.46596147072565941 67.509368907747315802 59.342116862931433729 59.342116862931433729 25.775996537031893752 25.438454945061895529 28.354884415012136856 20.002022375083416961 15.132568953450524774 30.249400650832747317 25.019100449384779949 21.569218249839998691 27.201251682202624238 16.312739337313665544 10.458216375821228539 10.074645299869468218 15.376251248826232398 21.191393128548181579 23.061147833058644352 23.167635238506480988 23.706506137732624495 23.706506137732624495 23.706506137732585415
3.0359836297609033018 7.1250163489018225604 7.1250163489018225604 5.8851883115584824324 9.0406990282141102 15.133521602146796425 7.2646738912624355677 27.56894825404956606 39.70034117206406421 20.024322068152400789 28.00718025430725433 16.755086573945561668 35.602371962181138088 50.775375079745749929 43.793405663291586905 44.683572226322723964 58.394077229202835611 62.574737066264866314 44.497499211744390379 19.404197225521077286 19.404197225521077286 31.619842925889514618 27.726195909867939804 21.191393128548181579 16.168785466246944793 16.506804770953106498 33.429301454658897796 16.055149342594638995 25.037886170752614134 18.007050934734149195 16.171326384520234853 8.2948364995390182486 10.642698317271619857 16.31070879572915544 16.168785466246937688 14.851111176897809685 14.851111176897784816 16.054321247617675539 16.054321247617675539 16.05432124761765067
16.756583409383406291 6.4579680358921107697 6.4579680358921107697 4.1692639815494629829 7.3343436933309877901 12.944243266362414957 1.4320961841646413504 31.16435189616484891 42.06321698985052393 16.755086573945561668 29.20928141992779814 17.880006948284545842 40.047368077542195408 56.512262977080297333 54.737927104274845647 59.249518862764332994 60.24616064843598906 39.119476796694044651 15.43666101153439385 25.453998881571028079 25.453998881571028079 21.839962919553428833 21.27150594167915898 24.260810915477016181 28.316098017176919655 29.424322386141962937 32.564980661628275982 19.562222037182525725 32.36616148635170731 10.644466627218493571 18.947099544650512826 4.1689286166262320421 7.1254518919991314263 6.1380715512920351884 1.0128372269732677236 2.2639852040999532967 2.2636748550610032993 2.8624052261116612605 2.8624052261116612605 2.2636748550609708808
24.048235092137616675 6.0550139863364833559 6.0550139863364833559 18.759258945194126511 11.397529040409692058 10.219905221567929132 24.702511748068449293 37.451376773882643079 37.274189199473227063 8.1125571794327999697 21.433660835522413635 10.825112951248419435 58.834861254412913922 70.455338386430199193 58.631633151645267787 15.466981613664115613 27.72949290062544847 26.482448147982193376 12.981400538188490046 8.1121347338611933253 8.1121347338611933253 3.0359836297609574807 3.2000395238732757264 15.941083847288554765 26.394489873374880062 29.42432238614204465 29.922295110449876887 30.810726542821495144 48.535040870658150425 16.056923657016753282 23.846197475214328421 2.2636748550610672481 5.0511697709192073802 5.7105931374995968497 5.7105931374995968497 5.7105931374995968497 6.762975690239517057 8.111374273403082924 8.111374273403082924 8.6467097036536486598
22.410131299812565686 6.3795873026142704276 6.3795873026142704276 20.537721964959512633 15.346579714267985395 20.557208648870552992 26.466851279731681501 30.341448783986031401 27.703518089658711432 8.1121347338611435873 14.038556252937889113 10.219905221567982423 66.207189361142170014 69.689847384075193304 25.411527458794072487 33.893563691700414608 26.567567535000900847 9.9279145350981714557 14.20387687984722902 21.430487348656392044 21.430487348656392044 22.737717649134143727 17.15764892552989096 21.977236693288869418 32.09197642140976825 21.333231479111773865 22.499415987105752635 31.161138163165919224 56.593460204496480515 33.904891982664835837 33.904564535379655865 11.181668822939878183 12.017041823719162963 12.01704182371912033 11.309932474020174098 12.017041823719113225 13.798119773018344247 14.303004935610056592 14.303004935610056592 14.851111176897813237
20.026197007692708496 6.4579680358920521499 6.4579680358920521499 17.395279149386972506 11.690556709334783747 17.754530679372006574 20.537721964959516185 20.725761332496521305 20.931330113135437898 10.074980516124043106 7.6686977443696484613 13.800101510370824442 69.981881817267165502 65.893388133231439951 20.889651244945135034 25.577629723765632264 12.980590689824669681 6.3795873026142650986 11.180173089826595856 12.75589752024949064 12.75589752024949064 6.1377326756153545162 12.49130968873346248 26.683147943241330324 38.786910757774329284 27.729492900625483998 20.846772941174872784 27.951796127140745796 61.931274069143235295 50.872284933241196825 37.794272563036244605 27.200873427917528602 7.1257906285733616514 9.9262455066516945834 13.519746995132255307 16.916590048347103448 18.445836940111938418 17.471016152191936044 17.471016152191936044 16.916590048347039499
3.6469944561423255358 4.045037044122635983 4.045037044122635983 6.1380715512920316357 8.9850285696899838683 8.1121347338611577982 8.6480916952017850008 14.205656099762919098 17.550943787528204609 10.458216375821207222 3.2000395238732646241 23.8461974752143675 71.8593093263617817 59.370855563301049074 41.596754796501770102 6.7638952587165936947 7.1254518919992060333 11.180173089826579869 22.991534892493806552 19.495103250929670224 19.495103250929670224 1.0128372269731598099 15.939293865557255359 37.972787409020291705 44.755833463073322775 29.937334501353646488 19.674429125422769005 13.832679192497190357 57.042341198794076718 65.388341623521100132 25.02195394603351275 45.566483728738241155 40.957019161408950936 34.120402812003959525 39.613628049392339392 39.314848698040862018 38.714320409627241304 38.67345405493571775 38.67345405493571775 38.67345405493571775
13.380252184721738828 7.1257906285733207952 7.1257906285733207952 4.5209226305813867697 6.3795873026142420059 2.2636748550610348296 5.1509226241544698865 14.205245533648056977 18.544348771142129095 12.980590689824687445 10.025830376075720807 28.839912843587985236 71.496271024526834026 58.995134653059757568 38.312649235921185209 11.049109815564632342 7.1254518919991358672 5.8851883115585277295 14.977514662424223246 23.861537521618124913 23.861537521618124913 19.201272501012180527 26.249746203499778829 40.349594118765757855 38.255878870986677498 23.135295786767891002 19.201272501012230265 10.21990522156790604 47.704868413114574821 64.126588146297109461 54.346417112329255872 33.20167402649033761 52.20042038933561912 34.666915486096399945 25.761144832559931928 12.017870137550765719 6.7629756902395410378 7.860969600958835457 7.860969600958835457 14.203876879847273429
16.397218481544360458 7.8622794996448819305 7.8622794996448819305 7.8622794996449059113 5.4387913488876291623 11.005009443989468565 12.755897520249467547 17.880006948284510315 22.20281030136034417 21.111662118216433015 18.781880843214711518 45.375694651327137308 70.072983794681832137 55.181133284373125036 25.534056692209905037 7.3336862801847972904 4.1689286166261760869 4.0450370441227070373 5.150922624154476992 18.006623556431851085 18.006623556431851085 31.055606979837424575 37.606031688712874939 36.950200348719171473 28.625913722762241775 20.390516422864767065 20.390516422864784829 6.1377326756153927079 36.51907616628961506 55.271286852798681366 61.106098613918867102 37.603147912618602788 43.383660349088380315 59.574870867310970368 54.23064803463550021 32.068083949529146537 17.676603027465610296 13.271286399646658793 13.271286399646658793 12.981400538188424321
