models/lame/data_carto/DTMBanyulsEPSG2154/small_slope.asc
ncols        321
nrows        250
xllcorner    3.087906007412
yllcorner    42.451920815321
cellsize     0.000114626835
[rows 108 to 125 of 250, columns 80 to 119 of 321]
22.296407219771658959 21.271505941679148322 21.271505941679148322 24.359600919952523412 25.438454945061931056 31.05371999979772113 31.141974839247033913 13.901815248985153417 11.395683790074755848 12.176839902979679664 13.271286399646669452 12.97945174314411787 17.158884298365574494 18.007050934734170511 9.5214848439044832418 10.826786684679989392 26.352556147123316066 28.007180254307311174 33.902864222893519752 23.842708714415810078 23.842708714415810078 28.268214617167778613 31.50760185161439253 21.37166448721674783 36.970498703044071931 43.318553957997004034 35.797194813417007708 21.95583789498784455 20.390516422864912727 21.804798866661542434 7.1262261223852112479 5.051169770919231361 14.724252218853399299 26.820960973885188849 35.573749144508425957 39.696476863871609453 49.609500138351833698 50.763503940980363893 50.763503940980363893 23.063200156275975417
31.694024310048277471 28.960496499971071671 28.960496499971071671 30.440600280458248506 28.835777215854527356 37.712121644225653938 43.377891104935464739 45.035777422232094125 47.792459964723462917 49.157512965913092273 49.377410082811309167 49.625683190753562712 52.356290689933302929 45.224449986430691695 35.474040079244069545 40.229937125265514908 38.134226164210929255 23.063200156275964758 15.94108384728862049 26.466851279731727686 26.466851279731727686 31.139114346765499164 33.024532019755064027 30.108259632221926694 20.26085894226938322 5.0519973595330354144 9.2577927637156758323 9.2582333595517738445 18.056782169385847681 24.264470283570389597 7.2658120200363347507 4.520922630581438284 18.20493768475150631 18.375646117476918562 17.677758055782934576 23.706506137732574757 44.731512804994778776 55.882111033711524328 55.882111033711524328 53.09598288799385557
17.157249222328754712 11.180591917345500619 11.180591917345500619 11.650464381048324825 1.4323417665367446094 16.397218481544388879 18.055964470178153647 15.616210958099385309 26.465367796021354252 32.562397639829768536 38.802647926921203236 43.883685344782080051 55.434086467433210998 50.272845157112968195 48.74769609453158381 53.536944218145627872 46.753509509195758653 32.025978138706349796 27.032104994695529854 29.508244837927843918 29.508244837927843918 34.854696315026039599 26.159233370955817577 18.053920015588353465 14.037076121613850432 5.0515835825261738989 10.026639117412619484 12.178744135619497868 44.757735866406342495 68.929214071700315003 73.571121806436892143 69.385098524170572887 54.94170985401203211 22.410131299812530159 25.255934924962261334 20.451208247791981876 34.665184623424103449 47.658371303494213578 47.658371303494213578 55.008077224482200052
70.388667707261276973 53.095982887993869781 53.095982887993869781 52.435394417608925721 62.556908013474895824 50.347919267582113889 11.181668822939821339 7.1262261223851854908 22.148189102781444149 10.457250675568756648 22.146738762662707245 31.183407569764533207 52.262364968383252517 46.420944368687059978 40.324200705446735071 38.468379273278266339 36.255865162095282983 26.566466676003884118 9.2571318278782221967 6.4579680358920654726 6.4579680358920654726 9.8779208270120815172 8.5891738023062806917 10.642698317271594988 16.755404665299217015 47.795880021617968225 67.014694623069459567 72.16524993649154851 73.887409118782144901 73.996749190605498825 72.992958789539883924 74.880060609069488464 75.114893796290800765 69.268853892044859322 56.264137214994597969 21.191806411749407602 31.053210777789519881 36.62408145511954416 36.62408145511954416 49.078985761121778353
75.406753462974677404 75.229005920663482243 75.229005920663482243 75.997355568783007129 74.978059697561889152 75.843762860838310758 73.555892333143418682 73.1006174445212622 73.37446927141159847 69.82285674324714364 56.845601712695859931 31.697251234699596267 49.132140362954693558 46.291858370963431923 33.115074967568418174 18.056782169385797943 29.655465501714715515 23.135295786767930082 10.457250675568742437 11.396123165394369536 11.396123165394369536 50.761697171200090395 68.303241012677034405 72.518133908012032407 72.887990294702944993 75.077515631545551855 74.536171819513413084 72.774238055738493358 67.030282356742276306 40.323998752213000785 14.978157593788713697 51.482674090695255131 68.843296439651922469 75.154854515344140964 75.443943776938724 49.857640008476948879 29.206769604145751629 33.023867555796641682 33.023867555796641682 40.475556102067990594
19.697171925395757341 10.826786684679976958 10.826786684679976958 18.759258945194090984 1.0128372269732317523 13.834208271609389485 17.185941559366824549 11.397529040409635215 8.1121347338612075362 52.696786596635419642 71.915149556702147038 76.626132449134317426 73.795485189795982706 72.32819374930861045 67.839438474185016048 43.981700516226339914 61.539596798941119005 70.870293703627282866 73.893312832904925358 75.747935964505003881 75.747935964505003881 74.378656523793651445 46.502928308010552882 5.710593137499648364 22.502834087405734209 5.1512606515719037148 21.996102188683874346 30.724309251692350387 24.263348770278248878 13.520181794324420466 8.1117967607106553629 18.947099544650562564 26.162619008541526 28.62591372276211743 72.60719713748287063 76.065003253979270426 48.482213375439549452 24.636449439210391432 24.636449439210391432 33.343051635396292909
23.623441069553827276 8.9850285696900034083 8.9850285696900034083 14.038556252937913982 6.0550139863364478288 9.4696415642993674311 16.919178487791921128 12.018201445192518761 10.315213260122783723 8.6467097036535918164 37.422767165110435883 60.953485782063680176 66.990651054798220798 72.163133161378411273 74.289625275758552903 73.389132034772416091 76.775694263766681047 75.996412411826298694 74.216013950709282199 70.656275799592307862 70.656275799592307862 49.722857702650692602 24.752186394942054193 5.0515835825263346592 16.39721848154444217 12.979451743144142739 27.48687207649848574 29.463666442921404354 20.026197007692708496 9.0952390327824002014 9.4682079488916741639 19.697171925395750236 29.690869440486821418 32.365829520869588976 56.916000950902450484 75.975254381448337426 70.566809869915303466 18.94508213230368554 18.94508213230368554 33.682532779934696521
22.204100604113836681 10.315213260122783723 9.0955757991443526578 9.0955757991443526578 2.2639852040998484917 6.4590397813595519239 10.458216375821228539 13.798119773018338918 15.910055325653571501 12.334747118560065005 41.664282164518098739 41.619297461881352262 31.507601851614481347 21.253153269744558429 48.971590830937081762 65.927150224470693729 72.336190401001985606 55.45200015203678845 8.6467097036536006982 9.0406990282141102 9.0406990282141102 9.5214848439045276507 23.58979675982294566 9.2577927637158126117 6.1380715512920245303 17.753904117973025478 24.942137953783678483 18.782658114230894597 15.103258638676429371 11.397529040409631662 12.943481551967719767 24.702511748068495478 35.284594519597092699 39.76949081305949818 34.040317109528835715 74.615152578422055285 74.540209403627102347 14.205245533647984146 14.205245533647984146 34.087379794266993827
5.8860729067272963277 11.181250039914063521 7.1250163489018225604 7.1250163489018225604 8.111374273403082924 12.13840157339190462 5.4387913488875971879 3.6469944561423002227 6.0550139863364478288 12.757962624617098513 45.004914296198002432 43.180139231894450802 16.255859173235464255 12.942719786526323489 4.5203048244472530115 54.792844242100763097 50.670489271258531971 14.63048558573290947 2.0250418492829549422 2.2636748550610432673 2.2636748550610432673 9.8779208270120104629 14.305176981485116627 15.794456217597392822 18.544348771142168175 23.710071719165409121 16.972138217037510799 13.271286399646658793 9.4696415642993301276 31.497159368419406889 47.906338117658130216 40.955081243520240264 33.902864222893526858 24.097773106802197418 4.1692639815495411426 73.564481488754140059 74.635070228177198715 14.205656099762949296 14.205656099762949296 29.926528482257658936
8.6467097036535918164 4.5209226305814498303 4.5203048244473480466 4.5203048244473480466 6.4579680358920894534 13.521437790436362292 12.178744135619563593 5.0515835825261383718 6.3795873026142082551 11.691809465902256449 44.317284630687979075 45.040667203889995562 10.458216375821187683 1.432341766536757266 14.037723701414771327 54.834762128645031964 48.378361403272208463 12.178744135619576028 4.5203048244473240658 7.3336862801847964022 7.1257906285732159901 7.1257906285732159901 5.8851883115585525985 19.936494458305777044 32.51449819692183496 35.807568109882176088 24.526423965671892091 15.616210958099417283 32.36230197429497224 44.717558597356024563 50.004386197876428355 28.268214617167714664 16.919178487791981524 14.88394875750203461 11.309932474020198967 73.901496061815933558 74.878468055724326291 14.630485585732927234 14.630485585732927234 25.380358975406291933
7.8622794996449281157 4.5203048244473009731 5.4381518116335243462 5.4381518116335243462 3.1997108618298653049 13.380252184721749487 16.056923657016707097 5.8860729067273380721 1.4320961841646413504 10.219905221567954001 44.869795929474975082 47.266688232715601714 9.5214848439044601491 11.18125003991399069 14.435908035713390873 51.344986090959132241 46.899926302519489241 13.272248730909948833 7.6677565345432325827 6.3795873026142526641 1.4323417665367828011 1.4323417665367828011 12.980590689824653694 21.569218249839980928 31.91412618895906661 43.335247818484333493 38.255878870986698814 24.832255324279543629 24.376589150473030543 37.249851224381124837 33.344550429740287711 19.154954729350070153 18.780957779635624405 18.54257070245744643 14.203876879847282311 74.384239361334834939 75.442409509064603412 24.44408299116945571 24.44408299116945571 28.267204210774686146
12.757962624617222858 4.5209226305813219327 2.2636748550609953057 2.2636748550609953057 4.2898864121799009652 15.618596158781183902 17.981901251190347324 5.0515835825261738989 12.335712398748205132 20.451208247791953454 49.105382366728733246 50.685115240866061015 11.977723525229304613 13.09087340328722604 9.521484843904548967 49.002479345779590858 46.758402371745816595 7.8622794996449787419 5.1509226241543997205 4.5203048244473240658 9.2582333595517258829 9.2582333595517258829 19.201272501012216054 24.263348770278202693 23.911812648923021385 43.30579234383325371 42.531404530829149735 37.773074561967113993 25.442246558324399075 23.346897625120156761 16.756583409383278394 13.27224873090992574 12.980590689824600403 11.977723525229356127 12.138401573391870869 71.364498735649902983 77.028396783499346157 57.276581092655526106 31.665905188928654468 31.665905188928654468
13.521872527018969024 5.1509226241544485703 6.4579680358920370509 6.4579680358920370509 6.4579680358920681371 3.6475704291204746887 24.363204066445135254 28.268214617167799929 25.682278051409678454 32.362301974295014872 43.594205321539980957 42.21554389765648807 16.70194954488990291 9.8779208270121028335 5.4387913488876966639 53.480541750609155827 51.483908642883463358 13.378051855713687601 16.837124244028917275 9.8779208270120868463 19.697582653155023991 19.697582653155023991 28.638726279009347309 28.625913722762113878 14.977514662424169956 43.595153034498650868 45.292731277473180285 43.718056254151477447 34.666915486096449683 24.752186394941912084 12.058953669365862993 9.2577927637156456342 11.39708972509106033 10.458216375821240973 12.491309688733466032 21.958354811230098136 76.456428530975372837 76.056279799435131395 40.672015699888952156 40.672015699888952156
11.691809465902364806 7.2646738912624462259 5.7105931374996723449 5.7105931374996723449 4.2891533288190544226 5.710593137499648364 27.568948254049519875 38.616339693970751057 11.180173089826572763 21.194285876704928029 38.887677455952108119 41.237068838785134517 18.006623556431957667 14.037076121613829116 5.7105931374996723449 55.4757827551797007 53.487496083240770872 11.39568379007476473 21.996102188683778422 12.335712398748119867 25.775996537031744538 25.775996537031744538 30.030796336524204548 26.482448147982218245 10.458216375821262289 42.166883422658230529 45.226917444886780117 43.144456674112674932 34.832289893675856263 28.739087514284886282 15.82389325705298333 12.137746295974388033 14.03772370141469672 12.606057278422083456 14.305176981485017151 20.725761332496542622 73.432408504702522123 77.227815679898583312 46.526393427361426802 46.526393427361426802
8.1117967607106642447 8.5891738023062291774 5.8860729067273505066 5.8860729067273505066 2.2636748550611076602 3.6469944561423544016 29.038315177022013813 44.429491312114961943 18.006623556431865296 38.144034507760899544 43.742119225308584873 48.621788112295249107 9.2571318278782328548 18.780180417249180636 21.668966730864944736 59.414662159455637891 51.729971413008954073 7.0547304002418886881 21.804798866661553092 8.5891738023061865448 29.937334501353600302 29.937334501353600302 27.729492900625412943 22.354168200575902148 12.05895366936578661 41.237068838785091884 44.701808299452586937 39.649471732988850192 32.405469338025312709 34.221572215425375418 23.009261093021169842 14.977514662424230352 16.255859173235442938 15.469002686986913275 16.171326384520110508 16.72907373392670749 60.257828462192563279 77.13269365298954483 65.752393310124915615 65.752393310124915615
6.1380715512919623578 2.2639852040999532967 17.473751078113266999 17.473751078113266999 17.880938387552454572 22.740598013712165937 51.39426806806495307 27.473820159538274055 38.368061375730604823 23.171093337899844045 41.60225722863937392 45.362965848565586668 16.506804770953113604 33.930017376173850607 49.081432881228508336 53.352918201367820927 42.166883422658202107 13.521437790436291237 13.380252184721726394 18.054737832840569212 32.008210551422052959 32.008210551422052959 23.996694597467367771 16.810569474591872563 12.491309688733389649 40.563755737311737448 44.199345653375232246 34.231595268649215313 28.77560051484138981 35.012290442720939154 27.940387059656220714 21.272985950742508976 20.262616617986935807 18.375646117476886587 17.159283954060946087 14.037723701414790867 27.269444369995181177 75.602376965658493191 71.65715242857599776 71.65715242857599776
6.3802385393356058074 3.6475704291204205099 21.958354811230041292 21.958354811230041292 15.34657971426803158 44.10322439865439037 42.788969737847175168 13.832679192497248977 36.950200348719192789 11.181250039914004901 38.643976273500477703 40.767334593516174834 25.757922658917557612 41.497906293709391434 39.902493890687587452 38.256743685253162823 26.058627896960711468 15.469002686986948802 20.53772196495947 23.275688946081068309 22.204100604114021422 22.204100604114021422 7.334343693331041969 6.3802385393356617627 1.4320961841646160373 30.077512660457170313 46.519042707261625935 38.228716394245054744 35.141385020335192735 16.755404665299217015 8.1113742734031060166 29.925181617847343318 32.764072837751726297 17.880938387552472335 15.911490520512350244 16.255859173235442938 26.583103128901807821 58.117777551754535637 75.104582223552398546 75.104582223552398546
9.5214848439044601491 17.395279149386993822 28.622756469172475846 28.622756469172475846 35.507344776713232193 40.706406442155802949 16.701949544889789223 25.516917318432803086 27.033977501995682502 7.0547304002418007585 36.011385334342413955 37.838056353008049371 21.571153729708637314 32.645935004435244764 18.75925894519401993 26.525395759234033477 27.473820159538245633 26.118327337040764036 24.752186394941848135 20.72576133249647512 15.103258638676470227 15.103258638676470227 6.7629756902396040985 5.1512606515718619704 4.5209226305814267377 33.115074967568382647 51.502774257056934459 42.866285094373502318 30.47793940028760673 10.025021564107431615 21.332630892628127839 29.546467141988873806 38.283589378662938429 24.263348770278263089 15.618168078124925913 16.312739337313580279 26.583103128901818479 23.135295786768015347 69.628238060870017989 69.628238060870017989
