models/lame/data_carto/DTMBanyulsEPSG2154/small_slope.asc
ncols        321
nrows        250
xllcorner    3.087906007412
yllcorner    42.451920815321
cellsize     0.000114626835
[rows 90 to 107 of 250, columns 120 to 159 of 321]
19.695148544667194557 21.253153269744512244 31.832957372788996508 33.027694499733300404 17.159283954061031352 7.8609696009588585497 24.829958731524676807 34.665184623424138977 30.259848558695114917 23.861247099796305093 17.678073046963199033 12.606057278422083456 7.1262261223851224301 5.4381518116335243462 8.9850285696900034083 11.395683790074794928 11.395683790074794928 12.017041823719141647 10.780051881575637651 11.18059191734555391 14.037076121613864643 20.025810134683965202 20.559276746462785468 14.724252218853372653 31.697251234699596267 30.077512660457109916 33.228442073625323872 41.566468907443407943 40.925135890649087855 34.785871174951324747 25.453998881570988999 19.199006710787820396 33.950220227245338833 49.41785524170236954 49.41785524170236954 47.350220831577146896 44.91951903782385358 39.985374811807012918 17.550943787528186846 5.7115663472818347657
15.070296152882114882 26.350863063316960933 41.043855628674165814 40.471060744423986932 22.40707498077062354 32.764734388481159044 33.33522065144645552 28.575651312762925471 16.701949544889810539 9.095575799144418383 10.025021564107523986 11.648749293562099538 8.6467097036536273436 3.2000395238733325698 4.5203048244472849859 8.1117967607106660211 8.1117967607106660211 9.0952390327824552685 6.7629756902395969931 5.8851883115585161832 9.0406990282141102 11.005009443989340667 8.64670970365360958 8.2941762387770623377 4.1692639815494718647 5.4381518116335110236 14.10348583736437611 26.708457096339607517 37.8787820444740575 39.225569536600659148 27.36330082872684244 14.103485837364370781 32.315529533090789016 48.813388278900042394 48.813388278900042394 46.911541612492172248 45.151701829614992789 38.643976273500413754 12.491309688733508665 1.0128372269732677236
26.479236826397695381 32.564242696770989483 43.973938215376264793 34.900326794175725809 28.814944202952343488 45.044310092958752989 34.900326794175725809 21.668566073079659873 9.5214848439045614015 13.378051855713760432 16.699244233993614017 13.378051855713737339 10.074980516124062646 12.178744135619496092 12.334747118560089874 14.20387687984722902 14.20387687984722902 11.180173089826602961 7.1250163489018225604 5.4381518116335589852 7.1257906285733207952 8.5901282138981915892 5.0519973595330878169 7.1250163489017479534 12.176839902979670782 17.677023048791873805 20.023935146561829157 22.144990405352210416 35.475789703212811332 43.458440832485656813 44.476454843537112538 44.660300818729766092 43.894082622479324129 44.497499211744383274 44.497499211744383274 47.31556616957736594 41.52838792406321744 26.162619008541422971 4.2898864121799524796 2.2639852040999368654
19.153455233707727956 25.760091499813807303 41.277036111919386485 12.019029669577344421 49.371746477566688327 49.613117575739678955 30.666246115788791116 16.808780381648464441 6.4579680358921063288 5.0519973595330149863 2.2636748550610112929 5.1512606515718264433 10.781297392179615358 17.550943787528144213 13.521872527018881982 8.2948364995389578525 8.2948364995389578525 8.9850285696899430121 10.025021564107401417 10.315213260122794381 11.690556709334780194 15.070296152882070473 18.851034043272758112 15.132568953450602933 9.4696415642993496675 12.94424326636245226 10.074980516124005803 6.457968035892132086 17.880006948284563606 32.252121565919736668 36.350294492863255869 34.019349989826487501 28.264864084675323852 32.575642439163289055 32.575642439163289055 43.426508298703105027 36.203652817152701004 19.338605003620244815 2.8628954720614281371 1.0128372269732497379
46.354462453913129139 23.710071719165362936 35.94678269123160419 25.653413212522007569 55.474886721350422647 41.730242990486900112 14.977514662424283642 8.6467097036536006982 9.876687923597089025 12.334747118560136059 9.8766879235971032358 3.6469944561423153218 6.3802385393355827148 16.810569474591751771 20.00470479170671112 14.105762791791160993 14.105762791791160993 12.980261672480649437 16.054321247617746593 17.676603027465606743 16.310708795729070175 17.367072538583681052 27.142057791361946073 36.381536307733917113 38.883892456280349847 36.255865162095268772 24.941008345748773678 9.2571318278782595002 3.0359836297608677746 15.07029615288206692 25.377314166449369992 26.348890897574264613 19.471282421531718398 23.589406811568000677 23.589406811568000677 40.029323077056773172 33.028358808888576448 17.473751078113227919 4.1692639815494807465 1.4320961841646666635
73.228093019570835054 74.27218609499149693 71.355319414781519072 68.829658797676870563 59.72757779493590391 16.056095673281792102 5.4381518116335474389 3.6469944561423153218 4.1689286166261929623 6.7629756902395561369 12.680383491819824826 20.597861618722113519 23.842708714415870475 17.676603027465656481 15.072083119907983217 13.800101510370737401 13.800101510370737401 14.204287492156517203 18.944281494216472339 18.661444589321821041 13.342584524488112052 11.005009443989374418 20.390516422864862989 16.397218481544456381 5.7115663472817832513 33.047706646195685209 36.203652817152729426 25.037886170752607029 16.919178487791935339 13.521872527019000998 9.2577927637157877427 12.944243266362443379 23.710071719165519255 8.6480916952017850008 8.6480916952017850008 37.011496932746339894 30.477939400287620941 14.883948757501997306 12.680383491819847919 12.176839902979699204
40.764064227366155535 66.363175260183098203 69.792752341285023476 75.160256746342781753 71.629951158167358471 8.2948364995388992327 1.0128372269732677236 2.5444437451708134141e-14 2.263985204099904891 4.5209226305813539071 6.4590397813596069909 8.0501484213006104795 10.315213260122844119 10.074645299869500192 5.8860729067273380721 10.026639117412592839 10.026639117412592839 3.0359836297608850941 3.6469944561423344176 5.710593137499698102 7.8609696009588860832 12.334747118560073886 22.203403853888193709 25.082714318995250835 25.206696748661958196 24.65506635298792304 29.025800448831134304 28.763835556113392045 25.162886086982201306 18.947099544650555458 7.2658120200364253449 9.2582333595518200298 21.745840760497305411 17.979434990707861886 17.979434990707861886 31.109891650235937277 27.201251682202702398 11.650464381048356799 1.0128372269732137667 4.1692639815494452193
20.389122210387803591 29.328032598183934709 37.907225243852728624 71.522395880225801079 75.54018764619830506 51.0599613376965209 5.0511697709192002748 5.7105931374995968497 5.8851883115584362471 7.1254518919991607362 10.074980516124046659 11.049109815564600368 9.2566911759264307591 10.074980516124096397 5.0515835825262280778 10.826786684680032025 10.826786684680032025 3.6475704291204453789 3.6469944561422900087 4.1692639815494452193 4.1692639815494203503 6.3795873026142757567 17.157249222328776028 34.618716896371005021 40.780746508141014317 27.266279924875533425 11.311822737604190436 26.710824857551795475 31.011554991016794247 25.442246558324356442 8.2948364995390306831 9.4682079488917878507 20.196060445618076784 29.840456826636742704 29.840456826636742704 32.957354271405201018 27.158011684304550926 16.75508657394556522 9.2566911759263863502 5.0519973595331100213
41.81595176400438163 36.514761648484729051 23.274531864503604339 52.062736631025018141 75.388710279736017128 69.532438045831312934 13.519746995132255307 13.378051855713765761 12.176839902979770258 12.057440837600307049 14.203876879847241455 18.756339242487999996 23.061147833058647905 23.343537692555319296 21.665921471051017733 23.026275644095967721 23.026275644095967721 20.388032892050436118 17.471016152191928938 15.101051599308506823 9.4682079488917523236 5.1512606515718752931 8.2948364995388867982 26.851845556537551118 27.938434107626097358 38.640310147017189024 33.900596864500954553 30.543019127893970222 34.122702013694997447 27.269444369995145649 11.04944319896027416 9.8766879235971849482 17.393761123256854972 27.032104994695568934 27.032104994695568934 29.206769604145783603 20.846772941174837257 5.4381518116335216817 16.755086573945526141 31.536555354524473671
26.249746203499814357 32.122513285785487369 21.274767253698001923 6.0550139863364922377 50.546028659644292702 74.447915612657695306 74.722810114684563132 53.378899885514215384 10.457250675568674936 8.1117967607106393757 1.4320961841646666635 7.1257906285733207952 9.5205228371218382222 9.4682079488917665344 5.4381518116335545443 9.2582333595517223301 9.2582333595517223301 11.181668822939823116 10.316683499006332525 10.026639117412646129 8.2948364995388352838 12.491309688733434058 4.5203048244472929795 16.254616252226668394 30.887613407339344462 37.878782044474064605 25.457008297624469151 15.61816807812488328 11.049109815564650106 3.1997108618298195637 3.0359836297608677746 7.125451891999144749 13.901815248985101903 19.827993729595007721 19.827993729595007721 24.359600919952551834 32.642235759504217185 39.798865974947766233 36.255865162095311405 15.376251248826205753
24.363204066445181439 30.030796336524218759 29.330501126338976547 15.911490520512344915 8.2948364995389152199 46.692486095530206569 74.05667434709214092 74.430096460837418704 52.253459815080404383 9.2582333595517720681 8.0501484213006282431 10.642698317271596764 13.519746995132244649 14.303004935610042381 12.97945174314407879 10.457250675568689147 10.457250675568689147 10.220565313618360292 11.18166882293989417 12.178744135619552935 5.051997359533033638 10.781297392179592265 6.3802385393356280119 6.0550139863365544102 12.979451743144107212 35.140509497533081174 39.648153132859704328 28.83824330482215359 12.943481551967856547 1.0128372269731418243 5.8851883115585224004 10.780051881575673178 13.271286399646770704 11.396123165394380194 11.396123165394380194 7.1254518919991403081 18.664416196200182441 26.866795586571360133 13.93601839754574101 17.473751078113249235
22.794437532651194545 25.654255190481052296 31.874225883121930281 25.021953946033587357 8.6480916952018098698 4.0450370441226892737 46.752328413575661159 74.787164531123721645 69.646595817311478527 9.2577927637156616214 5.4381518116334923718 17.183493690200620563 22.499415987105816583 19.936494458305801913 12.017041823719118554 7.125451891999144749 7.125451891999144749 8.29483649953887614 10.22056531361841003 13.090221679317751935 16.054321247617739488 21.211670453317470475 22.426566284430737852 15.794456217597428349 14.628480329401298832 29.172158765873529518 32.009454428912320623 27.942339780287184681 15.469002686986989659 4.5203048244472849859 4.1689286166261112498 9.0955757991443881849 10.025830376075720807 7.3336862801848727855 7.3336862801848727855 9.0955757991443775268 21.571153729708726132 30.890956394660520345 12.682488529015321532 20.026197007692665863
24.687618770494871967 29.713868375260616972 34.311883576994425482 30.030796336524282708 6.0550139863364824677 9.4696415642993514439 8.1113742734031202275 53.396995616475308566 75.599999612817896377 70.359209076805186101 7.1254518919991856052 15.616639103332218497 24.522912953657606039 20.722621980115356166 10.025021564107458261 1.0128372269732317523 1.0128372269732317523 6.055013986336518883 7.1254518919991767234 4.5203048244473160722 2.0250418492829189709 12.49130968873340386 15.466981613664163575 27.032104994695519196 28.005091113713483253 31.053210777789487906 28.837447003834032699 27.158011684304597111 15.070296152882104224 12.489564779483766088 11.395683790074839337 7.0547304002418540492 15.07208311990806493 21.332630892628227315 21.332630892628227315 22.864243634161514507 18.05392001558839965 15.469002686986970119 17.185941559366941789 1.4320961841646413504
19.697171925395753789 31.696617424297883758 34.040317109528814399 33.199603338446507905 18.276314517264971471 3.0359836297608677746 11.181250039914024441 15.133521602146792873 69.38753164108504734 75.635545751262611702 52.623061830233574199 19.495411683299536776 5.710593137499648364 13.344350192857069359 15.823572200112680619 17.97943499070785478 17.97943499070785478 18.445836940111931312 14.977514662424276537 8.6480916952018151989 6.7629756902395641305 17.678807998816381541 9.9279145350981465867 15.466981613664108508 25.254273021644564778 26.336201842380638993 22.146738762662696587 18.781880843214715071 5.0511697709192402428 3.6475704291204746887 2.8628954720614792073 9.2582333595517471991 16.729073733926718148 20.537721964959544607 20.537721964959544607 12.058953669365834571 4.5203048244473160722 4.045037044122725689 13.344350192857053372 8.1121347338610529931
35.573749144508397535 47.112811389055387679 54.710506460199965773 57.107434860562271695 49.703473979184479958 28.407237485146566769 16.836491870282571881 20.784827882487793005 43.969934279088498386 75.120617985511785264 70.441461842323960241 8.2948364995389542997 9.5214848439045276507 19.697171925395704051 19.674429125422918219 16.506804770953124262 16.506804770953124262 15.616639103332207839 20.026197007692744023 18.759258945194069668 10.219905221567987752 18.662620243287189936 26.218255404169983791 34.182594643889480324 41.128122301177214126 40.53662714163547065 27.635318484928244942 13.901815248985101903 15.070296152882091789 12.75589752024945156 6.4579680358920619199 8.986241575511286328 12.178744135619547606 14.305176981485091758 14.305176981485091758 18.782658114230933677 7.2658120200363605079 6.7629756902395490314 5.8860729067273442894 8.2948364995389276544
15.436661011534347665 16.168785466246930582 26.05588995891159243 44.537037359886163301 55.917285194216198363 50.761697171200090395 31.872045363817147035 23.706506137732574757 24.74880118944087215 73.371635848823657966 73.265737565298280742 12.680383491819775088 10.219905221567946896 13.344350192857120874 20.452336396953956665 23.150140541276229555 23.150140541276229555 22.407074980770655515 22.297292216147305055 22.740598013712087777 12.018201445192566723 17.367072538583698815 34.468835743182715703 50.63093449269195645 52.206839287416883622 54.439936346826449665 35.268930403587866351 9.4682079488917221255 19.199006710787845265 14.724689583619229083 9.0406990282141279636 12.335712398748253094 14.978157593788766988 8.0501484213005749524 8.0501484213005749524 14.205656099762974165 16.755404665299181488 8.5307656099481530276 7.1250163489018722984 10.074645299869517956
14.434654490493414869 13.798119773018315826 12.176839902979679664 5.4381518116335243462 7.860969600958904735 38.511469630028827282 50.8937165408710257 36.888709592231279544 19.697582653155041754 48.802624501782993605 74.089022636740153871 74.581092845504571187 52.879694658507887084 18.277824076050624313 14.883624881830852971 14.303004935610038828 14.303004935610038828 16.753907699750808291 18.004161605913438393 18.780957779635663485 12.137746295974347177 7.6686977443695711898 21.804798866661617041 12.019029669577221853 48.087261424036547908 60.010616287257356305 15.13352160214690123 46.793804823869578513 39.125998080691090308 36.437325450149657513 29.022142933171899415 25.018711297193981125 18.663240688676875578 14.305176981485191234 14.305176981485191234 4.2891533288190544226 11.311822737604165567 7.8622794996450009464 2.2639852040999612903 15.439141581454897789
8.5901282138982466563 4.5203048244473009731 7.3336862801848194948 8.1113742734031202275 9.0952390327824836902 16.810569474591734007 44.756302154868009779 46.291858370963431923 28.963827793032084656 20.452336396953892717 40.380789734033157856 74.908769085928227582 70.142392350077145124 17.753904117973039689 11.18125003991402977 7.0547304002418709246 7.0547304002418709246 7.2646738912624657658 10.025021564107488459 12.137746295974318755 6.7629756902395330442 1.432341766536757266 24.895866708149110735 21.373665807491637025 50.801920232410047618 61.210848600716808221 17.652388933001727622 55.164722865875674529 38.643132483911209363 31.998985437746174654 9.2571318278782115385 19.19900671078781329 32.484628607743424311 29.688527325775808663 29.688527325775808663 21.191393128548185132 18.27631451726499634 11.690556709334781971 8.1113742734031610837 11.650464381048267981
