models/lame/data_carto/small_interpolation_pgrouting_IDW_cost.asc
ncols        50
nrows        39
xllcorner    3.087906007412
yllcorner    42.451877257123
cellsize     0.000735904280
[rows 18 to 35 of 39, columns 0 to 39 of 50]
16.271835353991072282 13.425785130198867989 12.82358270103350506 11.612249949578394848 8.9545814196083490799 7.5476660474308845394 7.1955428776993350937 7.1955428776993350937 7.127762882297584035 7.4359969343400855735 8.0484367558297904566 9.3753815660626678152 10.59668002015345678 9.7759068131303603622 8.8732951832031954353 8.8732951832031954353 8.179514404047187881 8.3777178295753547133 8.4446927649448628728 8.4378366935844066887 8.8421946763074217301 9.8447456916992841514 11.566694163177398735 11.566694163177398735 9.8383143162896686817 6.7051332943657566688 5.9466310102485540057 5.4858349122773191198 6.1584596959765205426 6.2744664133164418374 6.2744664133164418374 6.4731161024118186731 5.7459663304503063586 5.3063620491194170015 5.7441473156311415593 6.8951320123480703828 7.5238344630042801597 7.9262385464553268832 7.9262385464553268832 8.0718592189559021932
14.193121477396468677 12.712327991736790622 14.42870781211789577 13.886538660474396778 9.6081339489934318721 8.1000652478825454494 7.8673075240349108483 7.8673075240349108483 7.8364933073143934195 7.9548866623045535462 8.4667587349581303613 9.0872477984800354989 9.4518786946652486591 9.5483355467083779189 8.9220919010785912917 8.9220919010785912917 8.0652301887714763495 9.251493741669470694 9.465076405185202546 8.8600415605053246537 8.5330334445256106335 8.6465765521997397514 8.4108556268678142942 8.4108556268678142942 7.1010898373819841822 5.9737480592352447673 5.6113684597996140724 5.8174238875404649107 6.2268062459514750273 6.589817693910126728 6.589817693910126728 6.935956307490776851 6.8256029086852976207 6.5948069039939571923 6.9339352444778743489 7.5164458879459870033 7.7620927418878551407 7.6844242025042399646 7.6844242025042399646 7.503264454174160214
11.595744641369819306 11.083708017254963352 11.302109949193493321 11.05468919990818577 9.4255053026871653543 9.0788439890149881251 8.5306635265881674002 8.5306635265881674002 8.3243187927934432224 8.4902459220681762986 8.8256838894217803926 8.9973817355873979551 9.0718484172021760514 8.7441934678109980439 8.4521507896682166461 8.4521507896682166461 8.0955396648172666119 9.8862002804264399458 9.8949791115330967273 8.9166557172221327932 8.1463898118684152649 7.8661254048279580786 7.3231496790408661113 7.3231496790408661113 6.8831653952324707291 6.2246329005778111565 5.6806607869985121795 5.8632616047775254486 6.5676671216739679338 7.3726047950255422236 7.3726047950255422236 7.6966152865771100267 7.7986004350013935493 7.9596689868419536751 8.1733876377800207536 8.2791278673107644437 8.0683805346729240426 7.4296441214544701737 7.4296441214544701737 6.6985170738754202802
9.80945149846929354 10.42599763040785632 10.550442276010942422 8.9727784756637607444 8.9357314407631847075 8.3266736527309568316 8.1189499138829663849 8.1189499138829663849 8.3343855360122329756 8.8703370265119758642 9.2069339955624425187 8.9035987386821791034 8.1378665311794602388 7.9846705205890486923 8.1347652242135310985 8.1347652242135310985 8.6267207857024228446 8.9046214956926590389 8.8083289530625989983 8.2979758394961873336 7.8679106610282074641 7.3666950672067912365 6.8975500691669493492 6.8975500691669493492 6.8941314545938299219 6.3229938353977477306 5.7860689248805927676 6.1890458497566793739 7.2692676707467951402 8.3111151091191413087 8.3111151091191413087 8.2709046158577628205 8.3929727743751012525 9.0281638901242722284 9.3615195906396753145 9.1358000026630445944 8.5267922002147820137 7.4754570629965382267 7.4754570629965382267 7.1705494409739545247
10.366843596985397369 10.641289133952998469 9.7166655608908030217 7.5958215535794373352 8.1554669492495417416 8.2553313374690731052 8.2058907995056351581 8.2058907995056351581 8.4456478416994933411 9.7285981739412896729 10.214234917727480934 9.5371746208537384604 9.1792863242649733735 8.8673804993802463059 8.5076483631028523291 8.5076483631028523291 8.440931090645152679 7.8462047163815462625 7.6053691455923786435 7.5694537740218024169 8.0440702521058415897 7.0356755056922040126 6.2545341593844483441 6.2545341593844483441 6.9859397091240733602 6.820976253425869551 6.3334358434025359585 6.8091785308169461288 7.6273142681741905591 8.0255586790980011358 8.0255586790980011358 7.6333283202739119488 8.489764412573153507 10.471006209881450033 11.084682894167380951 10.16563911296346312 9.3611678204776485046 8.6794633465246739945 8.6794633465246739945 8.4205039583669964998
11.502665514250704604 10.615739129016837694 9.6305517076481965688 8.3736420142581806658 7.9642065083171900142 8.1713582012027430324 8.2816529267142708903 8.2816529267142708903 11.805657854326272016 13.840882868558903596 13.156070373294854292 11.727261560998213596 9.513994591298310155 8.870113161695346804 7.6336183326205233612 7.6336183326205233612 7.9686802372651142079 7.2155241113931030128 7.0707224353533675298 7.3385447302814146298 6.8295811008557478772 8.5425539399789851558 8.1254646101168841454 8.1254646101168841454 7.6267372679260212465 7.5260429070671310825 7.4354441421412804658 7.5862615576094816205 7.8369605383292739731 7.5948685776146866999 7.5948685776146866999 7.1368554653881162153 8.2525227040762931807 10.957381799431978209 11.624755806522298229 10.654258175138300757 10.042803786126210497 8.9775950214238182667 8.9775950214238182667 8.8136961702481446679
10.163627001851880394 10.022481187492505939 8.2926130574898913039 7.7849723858719412917 7.9899202024233346719 8.5696996178932423049 10.212809768995063209 10.212809768995063209 17.849463376423805983 17.776983436767963553 14.919515317848199842 14.363906058688042933 10.976067055426943497 8.6181869501518590937 7.4905225029835316164 7.4905225029835316164 7.9965177773434259478 8.033980919615551386 7.8464229038219626133 7.8595901756483561584 7.6619928874780800498 8.2763606143956049976 8.1877827931850699628 8.1877827931850699628 7.856865969206144662 7.6197810920493926901 7.4422264462390872453 7.4441912374903411731 7.8383238832646311423 8.0560611219295008567 8.0560611219295008567 7.5906611070642719952 7.2392613688651525905 10.371963094141555928 10.66370337676260327 10.770736524408480506 10.96372581402941826 11.193345820760798759 11.193345820760798759 12.902625094302337061
8.9197879051513222493 8.7316303325062776253 8.9550660307139384742 8.8743836957742718852 9.0642376037944494271 9.6011749950786384744 11.123357874183826155 11.123357874183826155 15.176920643475899197 17.123983945980810972 15.511371982743735742 12.933856071279604905 11.590740582515683954 10.726242767782698806 10.209961736731200332 10.209961736731200332 9.9766277722590430699 9.8311484046576147477 9.6368043287136444519 9.3348789469940349761 7.8202817258263319644 6.6442804304018228123 6.7684642419810350233 6.7684642419810350233 7.1001540121326387478 6.558102397787144433 6.8682096219266997039 7.0364666568664535617 8.4391677824670576769 8.442083366647633369 8.442083366647633369 8.5601836152779871014 9.0011624189429859655 9.9449034609538902174 10.645437894394584433 11.262747091194974303 12.318549668160578392 14.801767959344157788 14.801767959344157788 13.00319505269674103
10.329543443669601643 9.6959119890879374992 9.7196013895970825303 9.7799720597863544214 9.9741960885883358401 10.498159405829486701 11.671373818947138545 11.671373818947138545 13.781946843819829596 15.111210345355727824 13.771183965377568725 12.207047267447764582 11.393034698607698019 10.991058513075891767 10.766621323839368429 10.766621323839368429 10.615775617155369659 10.473985314146670333 10.280570429732797777 9.9629368186450388833 8.3995221698108153419 7.3095472496329714218 6.5539429145984229308 6.5539429145984229308 6.6175600968329435503 6.5261949954384332884 6.8421592205085621785 7.2602470539467187649 8.6035068643391401366 8.0921457095811035742 8.0921457095811035742 7.8869547069868399802 8.2641260770954581005 10.394664567573025593 11.01900236749573736 11.228179014321408857 11.989998948485041552 12.62854100100000565 12.62854100100000565 11.714146452501664086
11.064918828898663961 10.608773892930008387 10.518203463577876278 10.566932275178819722 10.737356561431667501 11.095885283543335476 11.670274790162718404 11.670274790162718404 12.236996842283867082 12.254623841282571206 11.95585329227616711 11.040338658392053972 10.575258806185185989 10.733550746082887173 10.947194059514787412 10.947194059514787412 11.024629524617465037 10.983301296369580413 10.854932686698756328 10.624196752091636498 9.3826694890691442197 7.9152270112947817893 6.4832735444897275912 6.4832735444897275912 6.4475945196625730205 7.2301229865995759738 7.0200851131091246415 7.3557250317928222216 7.9141560496978700101 8.2525841460750157808 8.2525841460750157808 8.411217319219229438 8.8583104216199117786 11.964243107839324765 11.781157302971569933 11.240373745707433528 11.427644794666596439 11.324493715624718959 11.324493715624718959 10.919951263043385481
11.154553013465767108 11.111167037796485957 11.124523963061831111 11.180207770423125524 11.302849095561906978 11.503484672652517062 11.734231614919758968 11.734231614919758968 11.873072647294364401 12.030631648994067007 12.12807757949934917 9.0797538327158093807 9.2053436155847201405 10.039596743833117287 10.912903196113125759 10.912903196113125759 11.306074264162708332 11.373555711115916012 11.308350885634810723 11.203721162749998186 10.809797221533290923 10.068555076047010388 8.778213273071623135 8.778213273071623135 8.8118666563155425564 9.9852202555698355013 9.4997625148772542047 8.4655219185171386442 8.2897126211024687592 8.753197489549348731 8.753197489549348731 9.2134706279561697784 10.155761406780083433 12.548899085034037171 12.106979427382629666 10.934247825899142015 12.454967894898613778 12.797428744750556362 12.797428744750556362 11.030953010719139584
10.856294277275404525 11.255144674017035555 11.432786087393063568 11.559367394948848684 11.696478446624221093 11.829167972835637812 11.896564135128445017 11.896564135128445017 11.809667002813531766 11.533236186525819278 10.382068197462411163 8.6581311736906467758 8.6168686755748264972 9.6896047286916484609 11.054976463215041349 11.054976463215041349 11.587628436363527129 11.607523247582095749 11.452834738516111557 11.396046247238615479 11.701777536093265653 12.126270218061351969 13.522317258103154103 13.522317258103154103 15.540747009774554144 16.148493125552949579 15.812783839211833836 12.095915120413605948 9.6143803620306460544 9.0910360158958720689 9.0910360158958720689 8.5931798796895630943 9.9704310465052490287 9.7369034740636291048 10.377230063747875377 9.4760165371319100558 8.0595322926034569377 11.887702319255714301 11.887702319255714301 9.8160661923213865521
10.585251385217961939 12.050975080317389398 11.812964529200048247 11.908522533877910377 12.214197971900151884 12.446949226761363505 12.539931147918746746 12.539931147918746746 12.507485945297027286 12.462280961602477447 12.840620309095342577 14.038465195836023369 14.192693894894773621 13.041871083815861354 12.568737214314928963 12.568737214314928963 12.412132021114629765 11.832555324274181885 10.79959866955913661 10.724864908382908624 10.633866336948235798 12.116900206753152602 14.630344699536012243 14.630344699536012243 15.993952091077501265 17.359513681674325625 19.761823933642936879 18.290904796266492127 13.966488832186056968 11.317041544454468749 11.317041544454468749 10.614238826512679026 11.036153321140231398 11.028580842758424652 10.653975475134854989 9.3649966254493257622 7.3680054502828395968 8.5498349397116104598 8.5498349397116104598 8.7611809951601173907
10.499003820447370572 11.416220714867883146 11.777916634409940855 12.133801194269317136 12.521398279993830371 12.808203757971464043 12.958316857382040865 12.958316857382040865 13.00222706645505788 13.035141145182366884 13.249791623862568812 13.671375157709181991 13.52412457404141044 12.806474662709575796 12.831279788604453174 12.831279788604453174 12.967119363550731137 12.790135665153570699 12.394862437938762412 12.230839671445588479 11.404225031651286315 13.033663397496766834 15.181213042475844688 15.181213042475844688 15.551472048496336242 16.948137499414137608 16.685946318875320316 15.763778680422850798 13.936672206368838189 12.550702112437241098 12.550702112437241098 12.162136457230797504 12.218479906538624036 11.936182167143959632 11.291526289675546835 9.8549939482194179874 9.1811164999491001737 10.679039362920773826 10.679039362920773826 10.576619474147982203
10.901555630798343444 11.534202830213599711 12.045377550682825785 12.507444554422004757 12.917757439144066822 13.225040082518834339 13.410541406877067416 13.410541406877067416 13.491663510476836763 13.507803764395161394 13.49339629666492435 13.370662661842454 12.865208732106301781 12.565923114706707864 12.797183099310833754 12.797183099310833754 13.578987202152140057 14.037059915264235244 14.715420873037693639 15.302261686325765666 11.999960787221295888 12.950963768282015565 14.499866455799017118 14.499866455799017118 16.899218649969867556 17.726254561954203126 16.328294159203746716 14.821128875317489459 13.786932917573272661 12.900035581045212751 12.900035581045212751 12.384063154311490962 12.314986094645034242 12.312776697130221493 12.150746508299816284 10.410833321419783459 11.239052912907624204 13.263431886960203698 13.263431886960203698 11.980219797904087642
11.389561155655895774 11.902934542226336845 12.439403783501129297 12.937000828425244237 13.360761839100632642 13.683613303148392859 13.896736586986765616 13.896736586986765616 14.009651759025217643 14.037940033624282776 13.981085893020235744 13.784667080245236903 13.380180158730791362 13.121292750364528246 13.660880025039560337 13.660880025039560337 14.773509785763936364 15.438778827927832182 15.74896861073532861 16.376549768503821269 11.874273273741485113 12.167076567946432775 12.135224627830069721 12.135224627830069721 13.499828190837277475 14.600650962605676852 14.709741498448689612 14.275962458376181274 13.813043382556196903 13.29490377593001682 13.29490377593001682 12.794141237033178626 12.581549545242184607 12.621773304914690073 12.519342348877232851 12.537350436429573364 13.189188992039607484 13.297096721261624452 13.297096721261624452 12.716113842330875272
10.9731029733665153 11.827643838272450694 12.659649194243437265 13.307825645087611122 13.799980472189909975 14.162606322381392943 14.413397579809950955 14.413397579809950955 14.570800979164337363 14.652788918678588459 14.668949128943328475 14.618438536884459822 14.539207034098422966 14.63845861679310012 15.238621205986941476 15.238621205986941476 16.543094656495515693 17.813961461082485016 16.906992237067957063 14.888416025253723873 12.502783531670393913 11.907922795289655582 11.686981075820266796 11.686981075820266796 12.239127618744516823 13.271035259414308172 13.886465124919581626 13.995210380766003766 13.913547119153173881 13.744215752511955486 13.744215752511955486 13.446133817815232092 13.173396834911725861 12.998377532123944533 13.099085902783212276 12.954188798151211159 12.782798814618363537 12.867329086010533601 12.867329086010533601 12.726017556002421571
9.6200931121214132702 11.310915045743655583 12.712642296349045523 13.615043394021231649 14.223692705344019416 14.65087904814594566 14.952756479972686421 14.952756479972686421 15.167798752845174093 15.329574209419140729 15.467524472860086249 15.604718813300822333 15.761968473948552827 15.970306806087235074 16.310904448036929182 16.310904448036929182 17.095747577648261029 18.060185112994467715 17.26769489883908193 14.360750160359106786 13.253988960486655202 12.113587238395423284 11.992352943274893207 11.992352943274893207 12.429861664169349567 13.270927958944911396 13.874877957305280063 13.894709474966788321 13.83713428848474436 13.960444570424041189 13.960444570424041189 13.88999296351502899 13.686620085924154466 13.342490885166991887 12.90759768267463059 12.158967714077709488 11.664793618258885388 12.325579518646630817 12.325579518646630817 12.274693330295303184
