models/lame/data_carto/small_interpolation_pgrouting_IDW_cost.asc
ncols        50
nrows        39
xllcorner    3.087906007412
yllcorner    42.451877257123
cellsize     0.000735904280
[rows 0 to 17 of 39, columns 0 to 39 of 50]
9.8082335151640069881 9.5442494180960331107 9.4418183005463820479 9.5205273464875030953 9.7626701001751463593 9.7911950714570039622 9.6240768696828844497 9.6240768696828844497 9.7846170709719739733 10.593845084745421303 8.4881322668976206813 8.4551783996189033843 10.496627331359338342 13.795104492386810691 13.796785194121138574 13.796785194121138574 13.434570502737852138 12.273625397067634779 12.61948847016917874 12.297309684225323778 9.5380571205853659222 8.9714559061971037579 8.9714559061971037579 8.6759939516552257999 7.9639172670509923435 7.874095763921086899 7.0859693870550612971 6.0372455548926815538 5.1425139904911620903 4.7881409583186833601 4.7881409583186833601 5.0724039009572665648 5.671337113885709158 7.3032325270819287155 7.5404914706018564274 5.5222827448584625998 4.8661201447951238919 4.6303470055982707265 4.6303470055982707265 4.6439037067259762992
10.300971138300354824 10.069266046190550767 10.053370760074644252 10.388076267797284657 11.403317752124749518 11.634476645208474466 10.790857432644568092 10.790857432644568092 10.98645015267088354 11.335397311078359905 10.900959161837008082 7.5583903295872580941 8.3659252465790618913 14.802095785741443024 14.593810969007373401 14.593810969007373401 12.814719302518330579 12.265208651064639866 11.739111529043380955 10.695678692926193776 9.1692807639927114138 8.9827848082933030582 8.9827848082933030582 9.0889794643268189134 8.5894154247403680102 7.8007598447859436419 6.9297981273556521487 5.5972446850853376787 4.4410233857957699399 4.325294559806885708 4.325294559806885708 4.622226274120248668 5.4654325963058401072 5.5569413890204621964 4.5783537535385541162 4.8332377652949380931 4.7626036517732917019 4.7206437429448566689 4.7206437429448566689 4.7945587423240594305
10.84090332991220329 10.671479894111634223 10.78072859293370378 11.53135534768401449 14.068022175125388884 14.170467178880217674 11.893627745868071699 11.893627745868071699 11.587489442328664069 11.797684789533208871 11.912282106379658231 7.959053189273676665 8.0507918333506758302 11.341398220186363233 12.187656178729323386 12.187656178729323386 11.403777916345584131 9.8407715086754112832 7.2465570325871242474 7.5772708330324700654 8.6403667449347345553 8.7954597211441694071 8.7954597211441694071 8.7783434395577408793 8.4435498833079911662 8.2483207340878710312 7.9607885893145597933 6.3170463441808726301 4.9064071937475155494 4.5169817848407367578 4.5169817848407367578 4.3991366366291382306 6.0202948085546958978 5.3652148771209837719 4.6250314375452097337 4.4395169148165338768 4.3402405669240877728 4.5260252631698572046 4.5260252631698572046 4.8040541009450778986
11.340573880726491751 11.204782285794856023 11.248217549330064458 11.400125501894212476 11.863435023579977923 12.234156955835075564 12.577065288654498687 12.577065288654498687 14.580712323488985049 12.776133051450841549 11.413970583579432727 10.372073447576463323 10.12435519118450955 10.79375993370242881 11.275274796912823305 11.275274796912823305 11.075737633392753523 8.8739699877202813383 6.1290567864415228527 6.2764020021539783656 8.50244393680009658 8.6877194297955426805 8.6877194297955426805 8.4520200226253319187 8.4560015880163934554 9.6275260647632610045 10.586483271465487732 8.2797187853868905449 5.8175426171141912945 5.1100755854337194251 5.1100755854337194251 4.9202722544773136448 5.3131994052922930649 5.0193520075161144334 4.3784069877985469788 4.0582344090608506448 4.0889860864564955278 4.1864707240451997095 4.1864707240451997095 4.5795206701194333121
11.778992054730714756 11.710485816528086289 11.660517764520152539 11.257670937139559797 11.189146600680217603 11.403441410746342655 11.662395601339023088 11.662395601339023088 14.804372350532858604 13.43496913233803447 11.582968756578237546 10.958318311142241086 10.842961077628578082 11.176001786595936238 12.17523357243246096 12.17523357243246096 13.77253101485872655 12.934088678099318059 10.431567118293727958 13.302358591693469236 10.088610639104736322 8.6144643148355726225 8.6144643148355726225 8.2289259987435183774 8.2546012897710578926 9.1720804961512776288 9.9538553222997592229 7.9994170020679469246 5.9258325253752230921 5.0151731037197606611 5.0151731037197606611 5.2212001194342159138 5.1634578294680215649 4.7789542919755838568 4.1117375885312474892 3.9257030497408753611 3.8083218190767653688 3.7682250294906873833 3.7682250294906873833 3.9893988431179407961
12.181279444801525358 12.329351512688983661 12.970727773165284802 12.365694786371191682 11.098951084140960432 11.184691606966621791 11.419019845136109126 11.419019845136109126 11.597588555943158184 11.625840927084649223 11.326836968088395352 11.359163525232574443 11.301843963853958286 11.658760660950036936 12.975824846907288546 12.975824846907288546 14.621916381533896612 14.308245021221940974 12.573271883613408306 15.64598746001787255 8.9795227759692544112 7.931715657778158679 7.931715657778158679 7.7472211886115420754 7.7716222976706310632 7.8469566751071813115 7.7157393271200227503 7.0393463200142791791 6.136658050273401166 5.2523895334879124874 5.2523895334879124874 5.5952072973409698875 5.2863250884882351244 4.72241274695457669 4.6393146681222203753 4.4053927828721555215 3.9910823287833574469 3.8974594401554814027 3.8974594401554814027 4.4297318784972796735
12.592770399947761817 12.781755076763685608 13.080643720301665667 12.878483557800052495 11.455723556281377284 9.2796410824490997982 9.3634972882363403102 9.3634972882363403102 10.368506085997923449 10.35629320853399804 11.398054518297209725 12.367916133479187835 11.869822776844090484 12.175073122255151148 14.559730254631899626 14.559730254631899626 15.482165720911337914 13.459419218758977621 11.72998587806834081 11.577976244488178637 8.1412223038408271236 6.7919276322612001096 6.7919276322612001096 6.8092829254875253397 7.3880685200917222133 7.3754579572087202166 7.2093658766914705538 7.0224162638346081522 6.9469146829567725021 7.0450893180796798632 7.0450893180796798632 6.915296020515360631 6.5780523396019434657 6.2045196437668872491 5.1983438402295609748 4.7625215402798168896 4.4047733604827055132 4.2994511709914693398 4.2994511709914693398 4.4759125739819554113
14.063556753371043939 15.310888194245475091 16.340540223150188837 14.790232704113728701 13.179274672039541727 11.061269359035872384 9.9371107177701105684 9.165499580891806275 9.1659502911846786333 8.887448865952592314 10.462306207993155027 12.119767565664409048 11.392711396130698276 12.100932573456610442 16.259103829690115361 16.259103829690115361 17.492817503844666049 13.660210805712578619 10.266276817315928227 9.4875819466496444932 7.957950651292960309 6.9255697056720411098 6.9255697056720411098 7.0066912693863576678 7.2754052052881057477 7.1745114476288964767 7.1042315109477867097 7.1331542614435186067 7.3501292027081683855 7.5793618968924310053 7.5793618968924310053 7.9579528817037950006 7.0092930321958171191 6.8038945166434530165 5.5199385904268067904 5.1678787722427159679 4.7597436364400529385 4.4041677612610925507 4.4041677612610925507 4.3872078731776991134
15.110054929036222049 15.727158858894297211 16.451627713406235642 15.091985678322890507 13.053655530128743578 11.532987044243526498 10.473023641034751918 10.473023641034751918 9.495921861376496409 9.275022576449329037 10.058315097798688598 8.2805180677672129974 8.20165495299085201 9.5244589157938008839 9.8093393032604723203 9.8093393032604723203 9.0718158079921948911 7.6309834803772735867 6.6511884422185634236 7.2841023216243270255 8.0385803818350733962 7.9888386377817344197 7.9888386377817344197 7.7347988511428118485 7.588031024919980716 6.7900979718775200666 6.9245056480445867919 7.0146900496296566985 7.6109738191806410867 8.4318395924899416372 8.4318395924899416372 6.5592836739453561634 5.3499441660969120349 5.1458030723174710275 5.0745503494524859533 4.6972247766386043821 4.7036101206438463151 4.621434967900969859 4.621434967900969859 4.7050285209138236198
15.592803960951856723 15.984084602570426625 15.488225705696256895 14.2315092405712047 12.634184119413401248 11.546457309208113529 10.979917093572982623 10.979917093572982623 10.972822035461330614 11.831302494695592031 12.93567266437752572 11.68801221017372427 9.4474337378790007591 9.4672621637743059608 9.0140584708243949308 9.0140584708243949308 8.0258277724833622102 7.1166004750763969255 6.8558752886702771789 7.5203535864868893412 7.6120762286321959067 8.5590258798426894771 8.5590258798426894771 8.2751485689970696313 8.1306603349785770973 7.6782786871627148884 7.1575784385643625995 7.0700939371638753528 7.0975948184511921113 6.8649624920518537152 6.8649624920518537152 5.7871406922492401037 5.0068957259134228011 4.754550392331757358 4.7152080146460155774 4.7192562202290684326 5.0537022382052727565 5.4673892032347417569 5.4673892032347417569 5.1034359187854896334
14.226681056778863521 14.466001330246756496 14.144204478134579261 12.948795117960365531 11.914098350772539092 11.273303471554823929 11.013414802015706329 11.013414802015706329 11.271186138405681731 12.538745141977615916 13.213866501958667854 11.993263788119099544 9.4726953668104307837 9.5222845681833252485 8.992073788223324371 8.992073788223324371 7.9339405807583638364 7.2854742604154454355 7.5365735703244460808 8.1985841825118512816 7.3395521713792906127 10.352132142867514375 10.352132142867514375 9.8089877498414761448 8.1528771257703063213 7.5846013852321041426 7.2885467745445948751 7.1331849190730869381 6.9457497742605545099 6.5800107480500962254 6.5800107480500962254 6.0446138815541825551 5.6050766287010533873 5.4888318508296363163 5.6177311413137660523 5.5092343213046106598 5.9085329679466269681 6.337132351153207388 6.337132351153207388 5.4983060179719025484
12.018778728658853439 11.543507830149390969 11.366268262644741327 11.277073853725219976 11.082140534214374838 10.858816885199209068 10.679415611918988915 10.679415611918988915 10.65144067263389438 11.192345751459299663 11.408402849709169402 11.114161604229670033 10.360622756374016973 9.9541612560078238658 9.8350461323205404796 9.8350461323205404796 9.1098194951307860379 8.1831714449249250976 8.977906076347117903 9.8300921918673189737 8.7974965659800830053 9.9184846741012560045 9.9184846741012560045 9.3175233704221867015 8.1002133815539956174 7.6793655294254978827 7.4555323596433273892 7.2607646489239074938 7.0134537879751084333 6.6753188144632717993 6.6753188144632717993 6.3099247982612780561 6.1040287798097550009 6.4327430750362522005 7.0144051448928728121 6.391500584450243494 6.3486440706940827639 7.2924312228303937999 7.2924312228303937999 4.7539294118158856861
10.211016041711721059 10.556669266071175173 10.895329412113401446 10.211242288085067287 10.359574890988362483 10.489169856093738531 10.416196252118009369 10.416196252118009369 9.8443862180220307323 10.147815454750050534 10.515077316507580818 10.889520078472253672 10.53584451453342119 10.16344443109938922 10.422328170931622893 10.422328170931622893 10.201584440000766918 9.2271336604333118458 9.7192133042649118124 10.531354241289298201 10.122020439962442495 7.5867311326557089757 7.5867311326557089757 6.3677579206114467425 7.2069018096647736726 7.6459939603104229988 7.6779844830695367364 7.5629316611306549589 7.3108575166646456722 6.9515678832549543387 6.9515678832549543387 6.5827812911662668682 6.387686883205860866 6.7875304267026992378 7.5762231890114488664 6.5965888559027900939 6.3054738379416841454 6.0706579003914953319 6.0706579003914953319 4.7817550695699582164
9.5705955102486885977 8.3251594746997010787 7.8973722160072021836 8.3382470508563812928 9.411067763229748806 9.8540826917798014506 10.098414589855432055 10.098414589855432055 10.299520899633474613 10.557766494467903939 10.870342077488238886 11.164619345859296828 11.707777367816033731 11.393721516330069576 11.9009445200609143 11.9009445200609143 8.8391057706288673756 8.376500216361408846 7.8516631459729921971 7.9272522268583225369 8.0359853153736597875 6.9210397647349095607 6.9210397647349095607 6.8370043517616156947 7.4924248468265393086 8.1230860427471629492 8.7812068169088384195 8.9568437392018811494 8.8890679816984494721 8.2363830328330891462 8.2363830328330891462 7.2246209266788152803 6.1915428798301137547 5.0149990809443059092 4.7688968982008770325 5.6064734292899212065 6.4100922295498747872 6.4854980215652480169 6.4854980215652480169 5.9479086414386728165
11.041081710762245649 9.4566611910866864577 8.9987665023416401056 9.2002744257097486269 9.4353771385329725518 9.3361162585003061309 9.1817343448298434083 9.1817343448298434083 9.0880369140130365935 8.8239769452135785599 8.829300385022765596 10.32814930845723822 11.233021257205496823 10.847699520831916686 10.608362987868121152 10.608362987868121152 9.0072119880379535317 7.2581927655682489942 6.5097520577317542489 6.6049625495830204258 7.6606192076711581151 7.4416922254027664252 7.4416922254027664252 7.6338961215817491279 8.0380441610263417829 8.3943160809673873501 8.7686020893178451274 9.0751101848252080373 9.8904795410912509368 8.9021830977406732899 8.9021830977406732899 7.6279601559838612346 6.6360312059690453879 5.6971298514445285477 5.568972202580341424 6.0346039273138751824 6.3009233899340078011 6.3126932668896378331 6.3126932668896378331 6.1238394060911556238
12.087098279925166722 11.151328811389426221 10.317449154511706411 9.7916952605076179594 9.2364497014294517641 8.6290339715192789782 8.1661510751031585187 8.1661510751031585187 7.9519464427720674138 7.3856627911039929302 6.8987231655367526884 8.4593661467348812977 9.6428718170096363593 9.7352393424512584374 9.2757884120334050948 9.2757884120334050948 8.2223624532017645095 6.8378385184324548263 6.357324660231673974 6.2688459464751531414 8.1853898136531935137 9.1479713041972683385 9.1479713041972683385 8.9163870970917020742 8.6454637848712412307 8.9418862267402587918 8.8879032276202192264 9.398690633122186 9.0105069618894741978 8.2972940976740225949 8.2972940976740225949 7.8336007305189117034 7.1666021641620085703 7.0143062836003640115 7.3965805702240388086 6.9306562049936744074 6.6852585037216138986 6.7392753434403962487 6.7392753434403962487 6.6365456180126320973
15.314254233665250737 12.841443120526539801 11.13114733683186941 9.9321126479220289696 8.8608892522014368609 7.9979625621451306827 7.5018457746328000013 7.5018457746328000013 7.3633645399122089614 7.4185908090995198449 7.5737158797393391296 8.4186317238548351582 9.1701818435769233417 9.235478162696981741 8.8359737955926807018 8.8359737955926807018 8.2928791142794384683 7.6468047464210986419 6.9935033945900313412 6.6594569199112099156 9.2231842660466618611 10.173941489213948586 10.173941489213948586 9.7164162845884884945 8.9710031095071212093 9.2989091675000512538 9.0263516303120159279 8.223130989956173309 7.0557994106626136244 7.1284074199036879804 7.1284074199036879804 7.6899102346365681981 6.6850482720562052208 6.4520604951706594932 6.8960448532317029091 6.9160120325153835452 7.1048320623469747304 7.7070416478739804944 7.7070416478739804944 7.9954897620046683215
16.76010730114429137 13.72506406400545842 11.647407321064619623 10.153673581225884703 8.6668171040178734188 7.6690079681615399565 7.2916457513078265507 7.2916457513078265507 7.2847233743633683645 7.0205794852373113457 7.6262043066476810083 8.8764166651681186693 9.9285079483506688547 9.556496008571853551 8.7028053691300080175 8.7028053691300080175 8.2872549328216287279 8.3054941259464900583 8.177796034670178571 7.8170823634727195639 9.0347660059274517153 9.76945213513009314 9.76945213513009314 10.562121106601566112 9.5693190440197373192 8.0104161275517071772 6.9821206997778464398 5.8782136095460897351 5.7056716724451153055 6.0738320700843653199 6.0738320700843653199 6.5174503009435031942 5.2702281697760442469 5.3054608251749195702 5.9070125900064880398 6.7783158040499174035 7.4198715075456291856 8.3291893574880937479 8.3291893574880937479 8.6190126579963131093
